 -13.00000, -76.18300,  39.18798
 -76.18339,  39.19247
 -76.18264,  39.19287
 -76.17684,  39.19250
 -76.17638,  39.19244
 -76.17377,  39.18794
 -76.17688,  39.18758
 -76.18268,  39.18779
 -76.18300,  39.18798
END
 -13.00000, -76.16174,  39.18789
 -76.16112,  39.19238
 -76.15944,  39.19278
 -76.15664,  39.19236
 -76.15588,  39.18786
 -76.15948,  39.18731
 -76.16174,  39.18789
END
 -13.00000, -76.15066,  39.18784
 -76.14988,  39.19233
 -76.14783,  39.19260
 -76.14202,  39.19366
 -76.13653,  39.19227
 -76.13636,  39.18778
 -76.14208,  39.18637
 -76.14787,  39.18745
 -76.15066,  39.18784
END
 -13.00000, -76.20218,  39.19705
 -76.20337,  39.20155
 -76.19997,  39.20422
 -76.19418,  39.20251
 -76.19078,  39.20150
 -76.19422,  39.19715
 -76.19427,  39.19701
 -76.20003,  39.19579
 -76.20218,  39.19705
END
 -13.00000, -76.30122,  39.21539
 -76.30436,  39.21695
 -76.30680,  39.21990
 -76.30432,  39.22309
 -76.30130,  39.22438
 -76.29851,  39.22495
 -76.29729,  39.22437
 -76.29427,  39.21987
 -76.29592,  39.21537
 -76.29856,  39.21471
 -76.30122,  39.21539
END
 -13.00000, -76.22810,  39.21513
 -76.22892,  39.21527
 -76.23470,  39.21841
 -76.23738,  39.21967
 -76.23468,  39.22233
 -76.23285,  39.22414
 -76.22886,  39.22489
 -76.22305,  39.22567
 -76.21725,  39.22510
 -76.21506,  39.22408
 -76.21270,  39.21957
 -76.21668,  39.21509
 -76.21732,  39.21488
 -76.22312,  39.21441
 -76.22810,  39.21513
END
 -13.00000, -76.19300,  39.21500
 -76.19410,  39.21516
 -76.19987,  39.21903
 -76.20061,  39.21953
 -76.19987,  39.22025
 -76.19445,  39.22400
 -76.19404,  39.22411
 -76.18823,  39.22446
 -76.18747,  39.22397
 -76.18507,  39.21946
 -76.18730,  39.21497
 -76.18830,  39.21428
 -76.19300,  39.21500
END
 -13.00000, -76.34066,  39.22900
 -76.33911,  39.23158
 -76.33587,  39.22898
 -76.33913,  39.22772
 -76.34066,  39.22900
END
 -13.00000, -76.12502,  39.22819
 -76.12811,  39.23270
 -76.13012,  39.23343
 -76.13593,  39.23312
 -76.14172,  39.23424
 -76.14751,  39.23584
 -76.15059,  39.23730
 -76.15330,  39.23862
 -76.15604,  39.24182
 -76.15907,  39.24292
 -76.16487,  39.24375
 -76.16781,  39.24637
 -76.16978,  39.25087
 -76.17062,  39.25176
 -76.17642,  39.25277
 -76.18222,  39.25439
 -76.18803,  39.25453
 -76.19075,  39.25546
 -76.19381,  39.25753
 -76.19492,  39.25997
 -76.19958,  39.26188
 -76.20402,  39.26000
 -76.20541,  39.25843
 -76.21122,  39.25866
 -76.21366,  39.25555
 -76.21554,  39.25106
 -76.21709,  39.24823
 -76.22292,  39.24690
 -76.22850,  39.25111
 -76.22869,  39.25118
 -76.23076,  39.25112
 -76.23450,  39.25092
 -76.23470,  39.25113
 -76.24029,  39.25373
 -76.24551,  39.25567
 -76.24608,  39.25624
 -76.25038,  39.26018
 -76.25186,  39.26093
 -76.25766,  39.26184
 -76.26347,  39.26242
 -76.26763,  39.26474
 -76.26901,  39.26924
 -76.26923,  39.26970
 -76.27503,  39.27110
 -76.28062,  39.26928
 -76.28085,  39.26921
 -76.28093,  39.26928
 -76.28085,  39.26945
 -76.27837,  39.27377
 -76.27843,  39.27827
 -76.27962,  39.28276
 -76.28077,  39.28433
 -76.28658,  39.28344
 -76.29239,  39.28412
 -76.29634,  39.28732
 -76.29816,  39.29039
 -76.30398,  39.28912
 -76.30783,  39.28735
 -76.30981,  39.28622
 -76.31563,  39.28369
 -76.32143,  39.28340
 -76.32724,  39.28456
 -76.33304,  39.28639
 -76.33447,  39.28743
 -76.33593,  39.29193
 -76.33592,  39.29643
 -76.33480,  39.30092
 -76.33296,  39.30238
 -76.32848,  39.30540
 -76.32713,  39.30645
 -76.32620,  39.30989
 -76.32711,  39.31073
 -76.33292,  39.31182
 -76.33873,  39.31247
 -76.34454,  39.31402
 -76.34527,  39.31445
 -76.34962,  39.31895
 -76.35032,  39.31980
 -76.35612,  39.32101
 -76.36177,  39.32348
 -76.36192,  39.32355
 -76.36774,  39.32457
 -76.37234,  39.32351
 -76.37355,  39.32282
 -76.37421,  39.31902
 -76.37940,  39.31495
 -76.38512,  39.31904
 -76.38393,  39.32354
 -76.37936,  39.32568
 -76.37412,  39.32801
 -76.37353,  39.32993
 -76.37217,  39.33250
 -76.36835,  39.33699
 -76.36768,  39.33765
 -76.36551,  39.33698
 -76.36187,  39.33668
 -76.36071,  39.33697
 -76.35605,  39.33848
 -76.35239,  39.33694
 -76.35024,  39.33670
 -76.34443,  39.33687
 -76.33862,  39.33511
 -76.33558,  39.33689
 -76.33401,  39.34138
 -76.33858,  39.34362
 -76.34439,  39.34474
 -76.34675,  39.34592
 -76.35018,  39.34978
 -76.35600,  39.34910
 -76.35862,  39.35045
 -76.36180,  39.35135
 -76.36761,  39.35225
 -76.37343,  39.35236
 -76.37923,  39.35389
 -76.38506,  39.35120
 -76.38647,  39.35052
 -76.39089,  39.34749
 -76.39486,  39.34604
 -76.39671,  39.34572
 -76.39940,  39.34605
 -76.40253,  39.34640
 -76.40545,  39.35057
 -76.40832,  39.35339
 -76.41176,  39.35508
 -76.41412,  39.35753
 -76.41535,  39.35958
 -76.41592,  39.36407
 -76.41569,  39.36857
 -76.41558,  39.37307
 -76.41987,  39.37515
 -76.42391,  39.37758
 -76.42405,  39.38208
 -76.41983,  39.38464
 -76.41556,  39.38206
 -76.41490,  39.37756
 -76.41405,  39.37593
 -76.40823,  39.37542
 -76.40242,  39.37471
 -76.39660,  39.37523
 -76.39078,  39.37668
 -76.38905,  39.37750
 -76.38908,  39.38200
 -76.39075,  39.38314
 -76.39444,  39.38651
 -76.39655,  39.38903
 -76.39915,  39.39102
 -76.40235,  39.39168
 -76.40565,  39.39103
 -76.40818,  39.38847
 -76.41210,  39.39105
 -76.41322,  39.39555
 -76.41397,  39.39722
 -76.41544,  39.40005
 -76.41976,  39.40437
 -76.42410,  39.40007
 -76.42561,  39.39817
 -76.42986,  39.39558
 -76.43143,  39.39508
 -76.43725,  39.39543
 -76.43778,  39.39560
 -76.44306,  39.39787
 -76.44441,  39.40011
 -76.44305,  39.40221
 -76.43722,  39.40451
 -76.43642,  39.40459
 -76.43140,  39.40488
 -76.42635,  39.40457
 -76.42558,  39.40437
 -76.42404,  39.40456
 -76.42363,  39.40905
 -76.42138,  39.41355
 -76.41972,  39.41448
 -76.41390,  39.41541
 -76.40808,  39.41534
 -76.40527,  39.41352
 -76.40342,  39.40901
 -76.40229,  39.40848
 -76.39647,  39.40874
 -76.39066,  39.40715
 -76.38483,  39.40718
 -76.37902,  39.40598
 -76.37320,  39.40641
 -76.37033,  39.40444
 -76.36739,  39.40303
 -76.36597,  39.39993
 -76.36160,  39.39811
 -76.36004,  39.39992
 -76.36075,  39.40441
 -76.36156,  39.40684
 -76.36597,  39.40892
 -76.36737,  39.40936
 -76.37318,  39.40962
 -76.37900,  39.41221
 -76.38481,  39.41241
 -76.38566,  39.41347
 -76.39039,  39.41798
 -76.39060,  39.42002
 -76.39394,  39.42249
 -76.39642,  39.42333
 -76.40203,  39.42700
 -76.40222,  39.42708
 -76.40456,  39.43150
 -76.40802,  39.43331
 -76.41383,  39.43515
 -76.41512,  39.43602
 -76.41750,  39.44052
 -76.41962,  39.44283
 -76.42410,  39.44503
 -76.42533,  39.44953
 -76.42431,  39.45403
 -76.41958,  39.45587
 -76.41376,  39.45467
 -76.40794,  39.45427
 -76.40211,  39.45580
 -76.39629,  39.45573
 -76.39046,  39.45459
 -76.38464,  39.45500
 -76.37881,  39.45507
 -76.37680,  39.45391
 -76.37391,  39.44941
 -76.37302,  39.44876
 -76.36720,  39.44891
 -76.36676,  39.44939
 -76.36568,  39.45389
 -76.36134,  39.45720
 -76.35715,  39.45836
 -76.35551,  39.45908
 -76.35435,  39.45835
 -76.34969,  39.45740
 -76.34721,  39.45833
 -76.34384,  39.46233
 -76.34279,  39.46282
 -76.33929,  39.46731
 -76.34041,  39.47181
 -76.34378,  39.47546
 -76.34727,  39.47632
 -76.34960,  39.47717
 -76.35114,  39.48083
 -76.34957,  39.48257
 -76.34410,  39.48531
 -76.34373,  39.48594
 -76.34144,  39.48980
 -76.34090,  39.49429
 -76.33945,  39.49878
 -76.34367,  39.50026
 -76.34948,  39.50265
 -76.35532,  39.50083
 -76.35766,  39.49883
 -76.36116,  39.49735
 -76.36270,  39.49884
 -76.36229,  39.50334
 -76.36112,  39.50558
 -76.35991,  39.50783
 -76.35909,  39.51232
 -76.35525,  39.51649
 -76.35484,  39.51681
 -76.34940,  39.51952
 -76.34856,  39.52129
 -76.34664,  39.52578
 -76.34354,  39.52847
 -76.33955,  39.53026
 -76.33768,  39.53260
 -76.33649,  39.53474
 -76.33184,  39.53643
 -76.32600,  39.53790
 -76.32018,  39.53716
 -76.31434,  39.53854
 -76.30851,  39.53780
 -76.30267,  39.53892
 -76.30084,  39.53913
 -76.29683,  39.54072
 -76.29263,  39.54360
 -76.29099,  39.54448
 -76.28792,  39.54809
 -76.28582,  39.55257
 -76.28510,  39.55349
 -76.27925,  39.55683
 -76.27896,  39.55705
 -76.27745,  39.56154
 -76.27872,  39.56604
 -76.27334,  39.57048
 -76.27288,  39.57051
 -76.26750,  39.57104
 -76.26653,  39.57050
 -76.26168,  39.56923
 -76.25586,  39.56771
 -76.25208,  39.56595
 -76.25005,  39.56492
 -76.24660,  39.56143
 -76.24424,  39.55953
 -76.24117,  39.55692
 -76.23843,  39.55506
 -76.23514,  39.55240
 -76.23264,  39.54948
 -76.22681,  39.55030
 -76.22097,  39.55111
 -76.21802,  39.55233
 -76.21592,  39.55682
 -76.21859,  39.56133
 -76.22089,  39.56216
 -76.22673,  39.56200
 -76.23254,  39.56492
 -76.23392,  39.56588
 -76.23606,  39.57038
 -76.23714,  39.57489
 -76.23668,  39.57938
 -76.23662,  39.58388
 -76.23460,  39.58837
 -76.23430,  39.59286
 -76.23819,  39.59483
 -76.24402,  39.59686
 -76.24470,  39.59740
 -76.24532,  39.60189
 -76.24398,  39.60307
 -76.23813,  39.60453
 -76.23434,  39.60185
 -76.23357,  39.59736
 -76.23235,  39.59550
 -76.22652,  39.59518
 -76.22069,  39.59491
 -76.21484,  39.59672
 -76.20901,  39.59656
 -76.20317,  39.59681
 -76.19734,  39.59564
 -76.19314,  39.59270
 -76.19240,  39.58820
 -76.19157,  39.58670
 -76.18572,  39.58801
 -76.18543,  39.58818
 -76.18064,  39.59265
 -76.17986,  39.59301
 -76.17733,  39.59264
 -76.17403,  39.59175
 -76.16939,  39.59260
 -76.16818,  39.59332
 -76.16703,  39.59710
 -76.16617,  39.60158
 -76.16227,  39.60408
 -76.15681,  39.60604
 -76.15642,  39.60618
 -76.15057,  39.60655
 -76.14474,  39.60656
 -76.14285,  39.60598
 -76.13892,  39.60475
 -76.13308,  39.60521
 -76.12725,  39.60448
 -76.12359,  39.60139
 -76.12146,  39.59817
 -76.11563,  39.59774
 -76.11380,  39.59686
 -76.10981,  39.59610
 -76.10398,  39.59512
 -76.09885,  39.59228
 -76.09818,  39.59164
 -76.09512,  39.58777
 -76.09238,  39.58660
 -76.08665,  39.58773
 -76.08653,  39.58853
 -76.08636,  39.59222
 -76.08649,  39.59253
 -76.08852,  39.59673
 -76.08874,  39.60122
 -76.09223,  39.60448
 -76.09393,  39.60575
 -76.09566,  39.61025
 -76.09267,  39.61473
 -76.09215,  39.61505
 -76.08721,  39.61471
 -76.08631,  39.61464
 -76.08267,  39.61019
 -76.08052,  39.60880
 -76.07468,  39.60947
 -76.06932,  39.61012
 -76.06884,  39.61042
 -76.06686,  39.61011
 -76.06300,  39.60975
 -76.05897,  39.60557
 -76.05894,  39.60107
 -76.05725,  39.60047
 -76.05143,  39.59903
 -76.04559,  39.60019
 -76.04311,  39.60099
 -76.04163,  39.60548
 -76.03967,  39.60826
 -76.03874,  39.60996
 -76.03525,  39.61444
 -76.03378,  39.61510
 -76.02792,  39.61671
 -76.02524,  39.61888
 -76.02336,  39.62337
 -76.02200,  39.62551
 -76.01897,  39.62784
 -76.01614,  39.62883
 -76.01493,  39.62782
 -76.01031,  39.62693
 -76.00707,  39.62778
 -76.00446,  39.62922
 -76.00076,  39.62774
 -75.99863,  39.62742
 -75.99280,  39.62741
 -75.98697,  39.62621
 -75.98115,  39.62518
 -75.97531,  39.62450
 -75.96948,  39.62382
 -75.96848,  39.62305
 -75.96584,  39.61854
 -75.96371,  39.61760
 -75.95787,  39.61756
 -75.95321,  39.61847
 -75.95200,  39.62107
 -75.95148,  39.62295
 -75.95197,  39.62328
 -75.95696,  39.62748
 -75.95705,  39.63198
 -75.95303,  39.63645
 -75.95182,  39.63830
 -75.94595,  39.64088
 -75.94594,  39.64090
 -75.94008,  39.64442
 -75.93423,  39.64463
 -75.92840,  39.64418
 -75.92400,  39.64077
 -75.92303,  39.63626
 -75.92268,  39.63365
 -75.92030,  39.63625
 -75.91680,  39.63666
 -75.91096,  39.63728
 -75.90509,  39.63991
 -75.90426,  39.64064
 -75.90199,  39.64512
 -75.89917,  39.64740
 -75.89670,  39.64958
 -75.89327,  39.65226
 -75.88744,  39.65200
 -75.88536,  39.64951
 -75.88166,  39.64668
 -75.87584,  39.64507
 -75.87539,  39.64494
 -75.87002,  39.64345
 -75.86685,  39.64489
 -75.86471,  39.64936
 -75.86604,  39.65388
 -75.86987,  39.65628
 -75.87212,  39.65841
 -75.87138,  39.66291
 -75.86978,  39.66396
 -75.86391,  39.66669
 -75.86296,  39.66734
 -75.86124,  39.67183
 -75.86345,  39.67634
 -75.85790,  39.68077
 -75.85789,  39.68080
 -75.85547,  39.68528
 -75.85199,  39.68662
 -75.84614,  39.68747
 -75.84031,  39.68610
 -75.83823,  39.68515
 -75.83518,  39.68064
 -75.83454,  39.68001
 -75.82873,  39.67786
 -75.82288,  39.67819
 -75.81705,  39.67712
 -75.81475,  39.67599
 -75.81236,  39.67148
 -75.81129,  39.67034
 -75.80545,  39.67002
 -75.79965,  39.66701
 -75.79381,  39.66734
 -75.79303,  39.66684
 -75.78802,  39.66314
 -75.78706,  39.66230
 -75.78224,  39.65814
 -75.77821,  39.65774
 -75.77641,  39.65765
 -75.77058,  39.65594
 -75.76475,  39.65546
 -75.75891,  39.65563
 -75.75813,  39.65759
 -75.75768,  39.66208
 -75.75294,  39.66549
 -75.74709,  39.66615
 -75.74557,  39.66648
 -75.74271,  39.67095
 -75.74698,  39.67420
 -75.75282,  39.67424
 -75.75868,  39.67293
 -75.76450,  39.67446
 -75.76730,  39.67564
 -75.77032,  39.67675
 -75.77616,  39.67674
 -75.78200,  39.67678
 -75.78652,  39.68029
 -75.78191,  39.68382
 -75.77991,  39.68473
 -75.77602,  39.68792
 -75.77535,  39.68920
 -75.77164,  39.69366
 -75.77009,  39.69431
 -75.76476,  39.69361
 -75.76426,  39.69349
 -75.76285,  39.69360
 -75.75841,  39.69381
 -75.75256,  39.69456
 -75.74670,  39.69523
 -75.74139,  39.69792
 -75.74080,  39.69957
 -75.73671,  39.70238
 -75.73492,  39.70260
 -75.72905,  39.70435
 -75.72322,  39.70328
 -75.71738,  39.70293
 -75.71154,  39.70264
 -75.70863,  39.70216
 -75.70576,  39.69794
 -75.70339,  39.70211
 -75.69985,  39.70276
 -75.69838,  39.70207
 -75.69849,  39.69757
 -75.69993,  39.69707
 -75.70576,  39.69756
 -75.71163,  39.69593
 -75.71747,  39.69638
 -75.72331,  39.69630
 -75.72917,  39.69538
 -75.73503,  39.69426
 -75.73647,  39.69339
 -75.73819,  39.68891
 -75.73740,  39.68440
 -75.73612,  39.67990
 -75.73524,  39.67866
 -75.72944,  39.67537
 -75.72359,  39.67567
 -75.72179,  39.67528
 -75.71777,  39.67469
 -75.71319,  39.67072
 -75.71342,  39.66622
 -75.71790,  39.66462
 -75.72375,  39.66356
 -75.72961,  39.66282
 -75.73232,  39.66188
 -75.73256,  39.65738
 -75.72969,  39.65677
 -75.72387,  39.65526
 -75.71803,  39.65495
 -75.71336,  39.65723
 -75.71214,  39.65923
 -75.70628,  39.65990
 -75.70045,  39.65890
 -75.69662,  39.65709
 -75.69465,  39.65676
 -75.68882,  39.65556
 -75.68343,  39.65698
 -75.68291,  39.66025
 -75.68190,  39.66147
 -75.67702,  39.66387
 -75.67120,  39.66292
 -75.66975,  39.66586
 -75.66879,  39.67035
 -75.66935,  39.67485
 -75.67044,  39.67936
 -75.67094,  39.68094
 -75.67677,  39.68212
 -75.67763,  39.68391
 -75.68252,  39.68838
 -75.68839,  39.68613
 -75.69238,  39.68854
 -75.69271,  39.69304
 -75.68827,  39.69489
 -75.68275,  39.69744
 -75.68233,  39.70121
 -75.68185,  39.70193
 -75.67645,  39.70387
 -75.67058,  39.70610
 -75.66475,  39.70520
 -75.65892,  39.70375
 -75.65311,  39.70169
 -75.65311,  39.70169
 -75.64730,  39.69909
 -75.64593,  39.69713
 -75.64153,  39.69452
 -75.63570,  39.69289
 -75.62986,  39.69324
 -75.62401,  39.69349
 -75.61816,  39.69423
 -75.61230,  39.69454
 -75.60648,  39.69306
 -75.60440,  39.69227
 -75.60072,  39.68834
 -75.60027,  39.68774
 -75.59576,  39.68320
 -75.59540,  39.67870
 -75.59830,  39.67422
 -75.60097,  39.67179
 -75.60300,  39.66977
 -75.60691,  39.66533
 -75.60694,  39.66531
 -75.61281,  39.66121
 -75.61419,  39.66088
 -75.61532,  39.65639
 -75.61429,  39.65189
 -75.61300,  39.64888
 -75.61200,  39.64737
 -75.60744,  39.64283
 -75.60725,  39.64261
 -75.60466,  39.63831
 -75.60155,  39.63407
 -75.60118,  39.63378
 -75.60034,  39.62928
 -75.59764,  39.62476
 -75.59700,  39.62025
 -75.59930,  39.61578
 -75.60187,  39.61304
 -75.60299,  39.61132
 -75.60414,  39.60683
 -75.60683,  39.60236
 -75.60720,  39.59786
 -75.60623,  39.59336
 -75.60489,  39.58885
 -75.60229,  39.58534
 -75.60098,  39.58432
 -75.59653,  39.57999
 -75.59631,  39.57978
 -75.59655,  39.57911
 -75.59824,  39.57530
 -75.60071,  39.57082
 -75.60254,  39.56893
 -75.60377,  39.56636
 -75.60847,  39.56228
 -75.60881,  39.56190
 -75.61143,  39.55743
 -75.61443,  39.55404
 -75.61584,  39.55298
 -75.62032,  39.55022
 -75.62614,  39.55080
 -75.63200,  39.54949
 -75.63334,  39.54863
 -75.63786,  39.54731
 -75.64370,  39.54687
 -75.64955,  39.54556
 -75.65537,  39.54590
 -75.66119,  39.54653
 -75.66402,  39.54890
 -75.66695,  39.55183
 -75.67229,  39.55347
 -75.67276,  39.55359
 -75.67858,  39.55402
 -75.68442,  39.55375
 -75.69024,  39.55445
 -75.69608,  39.55412
 -75.70026,  39.55370
 -75.70192,  39.55354
 -75.70776,  39.55234
 -75.71362,  39.55120
 -75.71947,  39.54986
 -75.72132,  39.54937
 -75.72534,  39.54641
 -75.72661,  39.54492
 -75.73122,  39.54262
 -75.73244,  39.54047
 -75.73128,  39.53883
 -75.72574,  39.53592
 -75.72549,  39.53571
 -75.72263,  39.53140
 -75.72019,  39.52689
 -75.71978,  39.52665
 -75.71576,  39.52685
 -75.71394,  39.52710
 -75.71335,  39.52683
 -75.70814,  39.52519
 -75.70477,  39.52226
 -75.70240,  39.51902
 -75.69658,  39.51813
 -75.69193,  39.52216
 -75.69068,  39.52306
 -75.68773,  39.52212
 -75.68491,  39.51951
 -75.68320,  39.51759
 -75.68111,  39.51307
 -75.67992,  39.50856
 -75.68035,  39.50407
 -75.68002,  39.49957
 -75.68205,  39.49509
 -75.68530,  39.49182
 -75.69112,  39.49213
 -75.69330,  39.49069
 -75.69701,  39.48669
 -75.70284,  39.48659
 -75.70866,  39.48795
 -75.71126,  39.49084
 -75.70859,  39.49245
 -75.70274,  39.49476
 -75.70180,  39.49525
 -75.69735,  39.49972
 -75.70265,  39.50056
 -75.70847,  39.50154
 -75.71429,  39.50178
 -75.72002,  39.50440
 -75.72009,  39.50443
 -75.72589,  39.50571
 -75.73169,  39.50827
 -75.73231,  39.50900
 -75.73745,  39.51290
 -75.74328,  39.51313
 -75.74911,  39.51266
 -75.75494,  39.51233
 -75.75929,  39.51370
 -75.76075,  39.51414
 -75.76185,  39.51373
 -75.76663,  39.51000
 -75.76809,  39.50927
 -75.77253,  39.50493
 -75.77258,  39.50481
 -75.77459,  39.50033
 -75.77264,  39.49626
 -75.77212,  39.49582
 -75.76949,  39.49130
 -75.76914,  39.48680
 -75.77280,  39.48342
 -75.77864,  39.48260
 -75.78037,  39.48239
 -75.78449,  39.48032
 -75.78760,  39.48244
 -75.79028,  39.48331
 -75.79164,  39.48247
 -75.79159,  39.47797
 -75.79037,  39.47666
 -75.78458,  39.47400
 -75.78368,  39.47342
 -75.77881,  39.46955
 -75.77862,  39.46888
 -75.77682,  39.46438
 -75.77522,  39.45987
 -75.77898,  39.45565
 -75.78352,  39.45993
 -75.78471,  39.46341
 -75.78606,  39.46444
 -75.79050,  39.46590
 -75.79209,  39.46449
 -75.79581,  39.46002
 -75.79643,  39.45756
 -75.79748,  39.45554
 -75.79648,  39.45387
 -75.79556,  39.45103
 -75.79654,  39.44855
 -75.79850,  39.44655
 -75.80241,  39.44432
 -75.80595,  39.44211
 -75.80674,  39.43762
 -75.80255,  39.43342
 -75.80206,  39.43308
 -75.80260,  39.42923
 -75.80322,  39.43309
 -75.80834,  39.43593
 -75.81209,  39.43316
 -75.81422,  39.43144
 -75.81599,  39.42869
 -75.81854,  39.42421
 -75.82016,  39.42187
 -75.82074,  39.41974
 -75.82019,  39.41903
 -75.81438,  39.41863
 -75.80858,  39.41658
 -75.80364,  39.41512
 -75.80279,  39.41435
 -75.79720,  39.41057
 -75.80122,  39.40610
 -75.80290,  39.40526
 -75.80874,  39.40351
 -75.81335,  39.40169
 -75.81462,  39.39862
 -75.81557,  39.39722
 -75.81466,  39.39571
 -75.81021,  39.39268
 -75.80890,  39.39060
 -75.80840,  39.38817
 -75.80894,  39.38779
 -75.81475,  39.38773
 -75.82059,  39.38649
 -75.82281,  39.38827
 -75.82468,  39.39279
 -75.82631,  39.39421
 -75.83212,  39.39582
 -75.83791,  39.39715
 -75.83923,  39.39738
 -75.84046,  39.40189
 -75.83784,  39.40272
 -75.83201,  39.40463
 -75.82925,  39.40630
 -75.82768,  39.41079
 -75.83191,  39.41262
 -75.83772,  39.41318
 -75.84355,  39.41283
 -75.84937,  39.41279
 -75.85222,  39.41096
 -75.85526,  39.40742
 -75.85651,  39.40650
 -75.86111,  39.40458
 -75.86496,  39.40206
 -75.86575,  39.39757
 -75.86121,  39.39495
 -75.85540,  39.39433
 -75.84959,  39.39342
 -75.84908,  39.39296
 -75.84873,  39.38845
 -75.84966,  39.38773
 -75.85550,  39.38609
 -75.86134,  39.38438
 -75.86353,  39.38406
 -75.86651,  39.37959
 -75.86722,  39.37883
 -75.87304,  39.37825
 -75.87887,  39.37743
 -75.88048,  39.37518
 -75.87892,  39.37249
 -75.87872,  39.37068
 -75.87895,  39.37038
 -75.87956,  39.37068
 -75.88473,  39.37378
 -75.89054,  39.37430
 -75.89636,  39.37374
 -75.90218,  39.37337
 -75.90801,  39.37247
 -75.91191,  39.37090
 -75.90807,  39.36689
 -75.90605,  39.36636
 -75.90227,  39.36593
 -75.89647,  39.36430
 -75.89378,  39.36178
 -75.89401,  39.35729
 -75.89657,  39.35527
 -75.90239,  39.35411
 -75.90821,  39.35392
 -75.91402,  39.35507
 -75.91673,  39.35744
 -75.91795,  39.36194
 -75.91974,  39.36321
 -75.92556,  39.36269
 -75.93137,  39.36371
 -75.93718,  39.36441
 -75.94299,  39.36464
 -75.94881,  39.36390
 -75.95464,  39.36377
 -75.96044,  39.36472
 -75.96626,  39.36421
 -75.96955,  39.36226
 -75.97211,  39.36031
 -75.97312,  39.35779
 -75.97798,  39.35509
 -75.98381,  39.35402
 -75.98890,  39.35338
 -75.98963,  39.35289
 -75.99109,  39.35340
 -75.99544,  39.35377
 -76.00124,  39.35491
 -76.00704,  39.35699
 -76.01287,  39.35516
 -76.01382,  39.35353
 -76.01434,  39.34903
 -76.01294,  39.34772
 -76.00715,  39.34517
 -76.00592,  39.34449
 -76.00346,  39.33997
 -76.00621,  39.33549
 -76.00725,  39.33492
 -76.01308,  39.33335
 -76.01889,  39.33342
 -76.02471,  39.33271
 -76.03052,  39.33365
 -76.03455,  39.33116
 -76.03452,  39.32666
 -76.03384,  39.32216
 -76.03568,  39.31767
 -76.03648,  39.31719
 -76.04230,  39.31588
 -76.04784,  39.31774
 -76.04810,  39.31797
 -76.05389,  39.31910
 -76.05649,  39.32228
 -76.05968,  39.32307
 -76.06136,  39.32230
 -76.06438,  39.31783
 -76.05974,  39.31537
 -76.05476,  39.31328
 -76.05493,  39.30878
 -76.05983,  39.30519
 -76.06564,  39.30535
 -76.07144,  39.30627
 -76.07727,  39.30475
 -76.07867,  39.30441
 -76.08308,  39.30359
 -76.08890,  39.30350
 -76.09472,  39.30264
 -76.10052,  39.30307
 -76.10587,  39.30454
 -76.10632,  39.30490
 -76.11054,  39.30906
 -76.11209,  39.31007
 -76.11791,  39.30922
 -76.11807,  39.30910
 -76.12040,  39.30461
 -76.12379,  39.30059
 -76.12960,  39.30072
 -76.13098,  39.30016
 -76.13544,  39.29715
 -76.13873,  39.29570
 -76.14128,  39.29289
 -76.14258,  39.29123
 -76.14713,  39.28692
 -76.15294,  39.28728
 -76.15874,  39.28755
 -76.16402,  39.29132
 -76.16453,  39.29156
 -76.17032,  39.29417
 -76.17613,  39.29381
 -76.18195,  39.29348
 -76.18557,  39.29141
 -76.18359,  39.28690
 -76.18200,  39.28535
 -76.17886,  39.28239
 -76.17622,  39.28070
 -76.17333,  39.27787
 -76.17044,  39.27695
 -76.16463,  39.27736
 -76.15884,  39.27567
 -76.15521,  39.27330
 -76.15384,  39.26879
 -76.15308,  39.26761
 -76.14729,  39.26498
 -76.14590,  39.26426
 -76.14275,  39.25974
 -76.14154,  39.25820
 -76.13615,  39.25523
 -76.13576,  39.25483
 -76.13123,  39.25070
 -76.12999,  39.24984
 -76.12421,  39.24713
 -76.12286,  39.24617
 -76.11915,  39.24165
 -76.11845,  39.24040
 -76.11596,  39.23714
 -76.11268,  39.23627
 -76.10688,  39.23542
 -76.10109,  39.23328
 -76.09867,  39.23256
 -76.09785,  39.22806
 -76.10114,  39.22700
 -76.10696,  39.22470
 -76.11277,  39.22430
 -76.11858,  39.22488
 -76.12436,  39.22753
 -76.12502,  39.22819
END
 -13.00000, -76.21637,  39.26905
 -76.21696,  39.27008
 -76.22257,  39.27357
 -76.22274,  39.27364
 -76.22853,  39.27716
 -76.23064,  39.27810
 -76.23433,  39.27904
 -76.23958,  39.28263
 -76.24011,  39.28290
 -76.24592,  39.28321
 -76.25172,  39.28365
 -76.25351,  39.28268
 -76.25391,  39.27818
 -76.25176,  39.27711
 -76.24596,  39.27644
 -76.24060,  39.27364
 -76.24058,  39.26914
 -76.24020,  39.26879
 -76.23439,  39.26847
 -76.22860,  39.26641
 -76.22279,  39.26517
 -76.21698,  39.26694
 -76.21637,  39.26905
END
 -13.00000, -76.13525,  39.27770
 -76.13557,  39.27921
 -76.13750,  39.28220
 -76.13554,  39.28347
 -76.12972,  39.28476
 -76.12391,  39.28498
 -76.11810,  39.28468
 -76.11626,  39.28210
 -76.11718,  39.27761
 -76.11816,  39.27680
 -76.12398,  39.27602
 -76.12979,  39.27530
 -76.13525,  39.27770
END
 -13.00000, -76.36935,  39.29202
 -76.36787,  39.29232
 -76.36755,  39.29202
 -76.36789,  39.28862
 -76.36935,  39.29202
END
 -13.00000, -76.11302,  39.29109
 -76.11224,  39.29164
 -76.11021,  39.29107
 -76.11226,  39.28910
 -76.11302,  39.29109
END
 -13.00000, -76.32048,  39.30088
 -76.32135,  39.30168
 -76.32323,  39.30088
 -76.32136,  39.29900
 -76.32048,  39.30088
END
 -13.00000, -75.97440,  39.30833
 -75.97364,  39.31282
 -75.97258,  39.31372
 -75.96677,  39.31364
 -75.96533,  39.31278
 -75.96439,  39.30827
 -75.96684,  39.30648
 -75.97265,  39.30646
 -75.97440,  39.30833
END
 -13.00000, -76.44476,  39.31917
 -76.44331,  39.32178
 -76.43863,  39.32365
 -76.43748,  39.32380
 -76.43305,  39.32364
 -76.43168,  39.32352
 -76.42836,  39.31914
 -76.43170,  39.31702
 -76.43752,  39.31665
 -76.44332,  39.31800
 -76.44476,  39.31917
END
 -13.00000, -76.08779,  39.31794
 -76.08876,  39.32058
 -76.09084,  39.31796
 -76.08878,  39.31733
 -76.08779,  39.31794
END
 -13.00000, -76.46340,  39.32820
 -76.46343,  39.33270
 -76.46071,  39.33398
 -76.45770,  39.33269
 -76.45648,  39.32819
 -76.46073,  39.32643
 -76.46340,  39.32820
END
 -13.00000, -76.48130,  39.33722
 -76.48337,  39.34172
 -76.47812,  39.34350
 -76.47294,  39.34170
 -76.47380,  39.33721
 -76.47814,  39.33615
 -76.48130,  39.33722
END
 -13.00000, -75.98523,  39.33538
 -75.98978,  39.33756
 -75.99173,  39.33991
 -75.99123,  39.34441
 -75.98969,  39.34674
 -75.98388,  39.34652
 -75.97807,  39.34613
 -75.97227,  39.34535
 -75.96758,  39.34426
 -75.96646,  39.34383
 -75.96069,  39.34036
 -75.95930,  39.33971
 -75.96070,  39.33915
 -75.96548,  39.33525
 -75.96656,  39.33448
 -75.97239,  39.33263
 -75.97819,  39.33398
 -75.98399,  39.33503
 -75.98523,  39.33538
END
 -13.00000, -76.31641,  39.34134
 -76.32113,  39.34491
 -76.32597,  39.34137
 -76.32117,  39.33719
 -76.31641,  39.34134
END
 -13.00000, -76.04136,  39.34018
 -76.04208,  39.34063
 -76.04747,  39.34472
 -76.04785,  39.34532
 -76.05367,  39.34523
 -76.05394,  39.34475
 -76.05545,  39.34026
 -76.05373,  39.33890
 -76.04794,  39.33629
 -76.04210,  39.33865
 -76.04136,  39.34018
END
 -13.00000, -75.95005,  39.33966
 -75.94906,  39.34007
 -75.94768,  39.33965
 -75.94907,  39.33939
 -75.95005,  39.33966
END
 -13.00000, -76.30855,  39.35031
 -76.30947,  39.35106
 -76.31163,  39.35032
 -76.30949,  39.34871
 -76.30855,  39.35031
END
 -13.00000, -76.06918,  39.34932
 -76.07107,  39.34995
 -76.07131,  39.34933
 -76.07108,  39.34896
 -76.06918,  39.34932
END
 -13.00000, -75.88088,  39.34821
 -75.88017,  39.35270
 -75.87914,  39.35315
 -75.87331,  39.35455
 -75.86750,  39.35453
 -75.86401,  39.35259
 -75.86359,  39.34809
 -75.86760,  39.34558
 -75.87341,  39.34559
 -75.87921,  39.34722
 -75.88088,  39.34821
END
 -13.00000, -75.85197,  39.36599
 -75.85571,  39.36775
 -75.86151,  39.36910
 -75.86251,  39.37057
 -75.86147,  39.37262
 -75.85564,  39.37332
 -75.84982,  39.37397
 -75.84497,  39.37045
 -75.84887,  39.36597
 -75.84992,  39.36565
 -75.85197,  39.36599
END
 -13.00000, -76.33064,  39.37735
 -76.33259,  39.38065
 -76.33840,  39.38178
 -76.34423,  39.37868
 -76.34731,  39.37740
 -76.34425,  39.37578
 -76.33844,  39.37308
 -76.33261,  39.37638
 -76.33064,  39.37735
END
 -13.00000, -76.00005,  39.38043
 -76.00100,  39.38065
 -76.00682,  39.38050
 -76.00770,  39.38047
 -76.00682,  39.38037
 -76.00101,  39.37994
 -76.00005,  39.38043
END
 -13.00000, -75.98886,  39.38036
 -75.98936,  39.38068
 -75.99068,  39.38037
 -75.98937,  39.37975
 -75.98886,  39.38036
END
 -13.00000, -75.91859,  39.37994
 -75.91829,  39.38443
 -75.91367,  39.38660
 -75.90785,  39.38705
 -75.90202,  39.38875
 -75.90187,  39.38882
 -75.90201,  39.38917
 -75.90481,  39.39334
 -75.90778,  39.39384
 -75.91360,  39.39349
 -75.91629,  39.39341
 -75.91943,  39.39302
 -75.92206,  39.38895
 -75.92104,  39.38445
 -75.92136,  39.37995
 -75.91958,  39.37848
 -75.91859,  39.37994
END
 -13.00000, -75.86768,  39.38859
 -75.87289,  39.39144
 -75.87385,  39.38863
 -75.87294,  39.38739
 -75.86768,  39.38859
END
 -13.00000, -75.94828,  39.39811
 -75.94846,  39.39867
 -75.94899,  39.39811
 -75.94846,  39.39802
 -75.94828,  39.39811
END
 -13.00000, -75.87748,  39.39765
 -75.87857,  39.40215
 -75.87859,  39.40218
 -75.87861,  39.40215
 -75.87941,  39.39766
 -75.87865,  39.39635
 -75.87748,  39.39765
END
 -13.00000, -75.78368,  39.41946
 -75.77940,  39.42255
 -75.77721,  39.41941
 -75.77947,  39.41734
 -75.78368,  39.41946
END
 -13.00000, -75.82366,  39.42875
 -75.82587,  39.43030
 -75.83168,  39.43188
 -75.83752,  39.42987
 -75.84174,  39.42887
 -75.83755,  39.42785
 -75.83174,  39.42668
 -75.82591,  39.42730
 -75.82366,  39.42875
END
 -13.00000, -76.30862,  39.44024
 -76.30901,  39.44037
 -76.30936,  39.44024
 -76.30901,  39.43985
 -76.30862,  39.44024
END
 -13.00000, -75.76778,  39.43732
 -75.77168,  39.44185
 -75.77110,  39.44635
 -75.77252,  39.45085
 -75.76737,  39.45277
 -75.76153,  39.45414
 -75.75571,  39.45405
 -75.74989,  39.45378
 -75.74655,  39.45065
 -75.74673,  39.44616
 -75.74857,  39.44167
 -75.75008,  39.43935
 -75.75514,  39.43723
 -75.75593,  39.43713
 -75.76176,  39.43592
 -75.76757,  39.43724
 -75.76778,  39.43732
END
 -13.00000, -76.32967,  39.45828
 -76.32637,  39.46178
 -76.32392,  39.45827
 -76.32057,  39.45787
 -76.31947,  39.45825
 -76.31868,  39.46275
 -76.32054,  39.46409
 -76.32637,  39.46301
 -76.33219,  39.46324
 -76.33404,  39.46280
 -76.33355,  39.45829
 -76.33221,  39.45791
 -76.32967,  39.45828
END
 -13.00000, -76.44382,  39.46306
 -76.44717,  39.46756
 -76.44694,  39.47205
 -76.44281,  39.47527
 -76.43699,  39.47498
 -76.43415,  39.47203
 -76.43369,  39.46753
 -76.43456,  39.46304
 -76.43703,  39.46068
 -76.44286,  39.46154
 -76.44382,  39.46306
END
 -13.00000, -75.81735,  39.46917
 -75.81956,  39.47074
 -75.82123,  39.46920
 -75.81960,  39.46750
 -75.81735,  39.46917
END
 -13.00000, -76.30034,  39.48068
 -76.30297,  39.48167
 -76.30463,  39.48069
 -76.30298,  39.48001
 -76.30034,  39.48068
END
 -13.00000, -75.76172,  39.47775
 -75.76294,  39.48225
 -75.76115,  39.48291
 -75.76020,  39.48223
 -75.76085,  39.47775
 -75.76122,  39.47755
 -75.76172,  39.47775
END
 -13.00000, -75.73834,  39.48206
 -75.73786,  39.48226
 -75.73614,  39.48205
 -75.73790,  39.47922
 -75.73834,  39.48206
END
 -13.00000, -76.31891,  39.48973
 -76.32040,  39.49013
 -76.32100,  39.48974
 -76.32041,  39.48945
 -76.31891,  39.48973
END
 -13.00000, -76.24982,  39.48951
 -76.25050,  39.48989
 -76.25106,  39.48951
 -76.25050,  39.48932
 -76.24982,  39.48951
END
 -13.00000, -76.28542,  39.49862
 -76.29121,  39.50185
 -76.29523,  39.49865
 -76.29124,  39.49740
 -76.28542,  39.49862
END
 -13.00000, -76.27783,  39.49859
 -76.27956,  39.50036
 -76.28537,  39.49862
 -76.27958,  39.49764
 -76.27783,  39.49859
END
 -13.00000, -76.43991,  39.51701
 -76.44267,  39.52090
 -76.44283,  39.52151
 -76.44266,  39.52169
 -76.43682,  39.52381
 -76.43099,  39.52525
 -76.42516,  39.52592
 -76.41933,  39.52521
 -76.41351,  39.52336
 -76.40768,  39.52163
 -76.40723,  39.52143
 -76.40769,  39.52054
 -76.41055,  39.51695
 -76.41354,  39.51619
 -76.41937,  39.51451
 -76.42520,  39.51395
 -76.43102,  39.51450
 -76.43685,  39.51585
 -76.43991,  39.51701
END
 -13.00000, -76.27624,  39.52107
 -76.27943,  39.52434
 -76.28194,  39.52109
 -76.27946,  39.51980
 -76.27624,  39.52107
END
 -13.00000, -76.19776,  39.52078
 -76.19785,  39.52092
 -76.20367,  39.52172
 -76.20949,  39.52321
 -76.21136,  39.52084
 -76.20952,  39.51871
 -76.20368,  39.52023
 -76.19785,  39.52068
 -76.19776,  39.52078
END
 -13.00000, -75.82937,  39.53222
 -75.83047,  39.53237
 -75.83064,  39.53222
 -75.83049,  39.53135
 -75.82937,  39.53222
END
 -13.00000, -76.26182,  39.53900
 -76.26186,  39.53909
 -76.26190,  39.53900
 -76.26186,  39.53899
 -76.26182,  39.53900
END
 -13.00000, -76.25017,  39.53896
 -76.25020,  39.53901
 -76.25026,  39.53896
 -76.25020,  39.53896
 -76.25017,  39.53896
END
 -13.00000, -75.77002,  39.54076
 -75.77205,  39.54203
 -75.77707,  39.54532
 -75.77782,  39.54718
 -75.78363,  39.54877
 -75.78921,  39.54541
 -75.78951,  39.54535
 -75.79398,  39.54094
 -75.78960,  39.53781
 -75.78376,  39.53835
 -75.77793,  39.53791
 -75.77208,  39.54000
 -75.77002,  39.54076
END
 -13.00000, -76.38203,  39.54836
 -76.38033,  39.55285
 -76.37841,  39.55360
 -76.37690,  39.55284
 -76.37575,  39.54834
 -76.37843,  39.54661
 -76.38203,  39.54836
END
 -13.00000, -76.34554,  39.54826
 -76.34481,  39.55275
 -76.34341,  39.55377
 -76.33757,  39.55605
 -76.33630,  39.55723
 -76.33487,  39.56172
 -76.33170,  39.56464
 -76.32587,  39.56381
 -76.32272,  39.56168
 -76.32130,  39.55719
 -76.32080,  39.55268
 -76.32474,  39.54820
 -76.32595,  39.54787
 -76.33179,  39.54602
 -76.33762,  39.54520
 -76.34345,  39.54638
 -76.34554,  39.54826
END
 -13.00000, -76.13899,  39.55201
 -76.13932,  39.55210
 -76.13951,  39.55201
 -76.13933,  39.55063
 -76.13899,  39.55201
END
 -13.00000, -76.29773,  39.56610
 -76.30252,  39.56802
 -76.30396,  39.57062
 -76.30249,  39.57300
 -76.29820,  39.57510
 -76.29665,  39.57604
 -76.29079,  39.57830
 -76.28632,  39.57506
 -76.28499,  39.57376
 -76.28138,  39.57055
 -76.28503,  39.56762
 -76.28685,  39.56607
 -76.29087,  39.56506
 -76.29670,  39.56580
 -76.29773,  39.56610
END
 -13.00000, -76.14958,  39.57004
 -76.15084,  39.57159
 -76.15667,  39.57180
 -76.16250,  39.57237
 -76.16762,  39.57011
 -76.16252,  39.56920
 -76.15668,  39.56927
 -76.15086,  39.56913
 -76.14958,  39.57004
END
 -13.00000, -76.05638,  39.56958
 -76.05751,  39.57053
 -76.05899,  39.56960
 -76.05753,  39.56917
 -76.05638,  39.56958
END
 -13.00000, -76.03983,  39.56950
 -76.04002,  39.56968
 -76.04060,  39.56950
 -76.04002,  39.56929
 -76.03983,  39.56950
END
 -13.00000, -75.69337,  39.57163
 -75.68999,  39.57185
 -75.68555,  39.57606
 -75.68407,  39.57893
 -75.68302,  39.58054
 -75.68266,  39.58503
 -75.68391,  39.58953
 -75.68391,  39.58954
 -75.68970,  39.59275
 -75.69554,  39.59274
 -75.70135,  39.59400
 -75.70720,  39.59368
 -75.71303,  39.59381
 -75.71841,  39.59432
 -75.71886,  39.59436
 -75.72466,  39.59752
 -75.72540,  39.59887
 -75.72810,  39.60339
 -75.73040,  39.60434
 -75.73622,  39.60512
 -75.74206,  39.60517
 -75.74389,  39.60352
 -75.74496,  39.59902
 -75.74220,  39.59462
 -75.74197,  39.59451
 -75.73642,  39.59056
 -75.73582,  39.58996
 -75.73450,  39.58546
 -75.73367,  39.58095
 -75.73142,  39.57644
 -75.73078,  39.57589
 -75.72565,  39.57639
 -75.72494,  39.57650
 -75.71909,  39.57761
 -75.71325,  39.57811
 -75.70743,  39.57718
 -75.70553,  39.57623
 -75.70164,  39.57398
 -75.69617,  39.57166
 -75.69584,  39.57153
 -75.69337,  39.57163
END
 -13.00000, -76.20421,  39.57926
 -76.20909,  39.58307
 -76.21198,  39.57929
 -76.20913,  39.57777
 -76.20421,  39.57926
END
 -13.00000, -76.32852,  39.58418
 -76.33160,  39.58492
 -76.33714,  39.58870
 -76.33695,  39.59320
 -76.33154,  39.59688
 -76.33026,  39.59768
 -76.32855,  39.60216
 -76.33071,  39.60667
 -76.33149,  39.60881
 -76.33207,  39.61117
 -76.33147,  39.61176
 -76.32562,  39.61388
 -76.31978,  39.61555
 -76.31865,  39.61563
 -76.31394,  39.61606
 -76.30811,  39.61594
 -76.30227,  39.61600
 -76.29755,  39.61556
 -76.29643,  39.61545
 -76.29060,  39.61407
 -76.28732,  39.61103
 -76.28868,  39.60654
 -76.29065,  39.60547
 -76.29649,  39.60430
 -76.30233,  39.60390
 -76.30817,  39.60398
 -76.31321,  39.60212
 -76.31223,  39.59762
 -76.30820,  39.59589
 -76.30238,  39.59567
 -76.29654,  39.59564
 -76.29070,  39.59547
 -76.28625,  39.59304
 -76.28513,  39.58855
 -76.28775,  39.58406
 -76.29079,  39.58082
 -76.29661,  39.58245
 -76.30244,  39.58334
 -76.30827,  39.58324
 -76.31411,  39.58276
 -76.31994,  39.58337
 -76.32578,  39.58341
 -76.32852,  39.58418
END
 -13.00000, -75.80000,  39.58146
 -75.80070,  39.58267
 -75.80108,  39.58147
 -75.80073,  39.58053
 -75.80000,  39.58146
END
 -13.00000, -75.74660,  39.58105
 -75.74818,  39.58340
 -75.75165,  39.58109
 -75.74825,  39.57839
 -75.74660,  39.58105
END
 -13.00000, -75.58128,  39.57964
 -75.57903,  39.58072
 -75.57621,  39.57959
 -75.57908,  39.57728
 -75.58128,  39.57964
END
 -13.00000, -76.35051,  39.58874
 -76.34908,  39.59169
 -76.34653,  39.58873
 -76.34909,  39.58775
 -76.35051,  39.58874
END
 -13.00000, -76.00969,  39.58732
 -76.00901,  39.59182
 -76.01064,  39.59275
 -76.01306,  39.59184
 -76.01247,  39.58734
 -76.01070,  39.58627
 -76.00969,  39.58732
END
 -13.00000, -76.16148,  39.59257
 -76.16235,  39.59328
 -76.16705,  39.59259
 -76.16237,  39.59068
 -76.16148,  39.59257
END
 -13.00000, -75.96912,  39.59158
 -75.96980,  39.59201
 -75.97102,  39.59159
 -75.96982,  39.59060
 -75.96912,  39.59158
END
 -13.00000, -75.75737,  39.59013
 -75.75974,  39.59179
 -75.76070,  39.59015
 -75.75979,  39.58797
 -75.75737,  39.59013
END
 -13.00000, -76.02737,  39.60091
 -76.02806,  39.60174
 -76.03201,  39.60093
 -76.02808,  39.59908
 -76.02737,  39.60091
END
 -13.00000, -75.96937,  39.60957
 -75.96961,  39.61108
 -75.96989,  39.60957
 -75.96963,  39.60934
 -75.96937,  39.60957
END
 -13.00000, -75.68664,  39.60754
 -75.68574,  39.61204
 -75.68941,  39.61415
 -75.69524,  39.61405
 -75.70107,  39.61452
 -75.70691,  39.61483
 -75.71274,  39.61549
 -75.71627,  39.61229
 -75.71317,  39.60776
 -75.71284,  39.60766
 -75.70702,  39.60702
 -75.70119,  39.60614
 -75.69534,  39.60723
 -75.68951,  39.60664
 -75.68664,  39.60754
END
 -13.00000, -75.83482,  39.61768
 -75.83529,  39.61787
 -75.84032,  39.62222
 -75.84106,  39.62255
 -75.84216,  39.62223
 -75.84406,  39.61775
 -75.84116,  39.61489
 -75.83530,  39.61684
 -75.83482,  39.61768
END
 -13.00000, -75.71433,  39.61677
 -75.71564,  39.62128
 -75.71847,  39.62300
 -75.72429,  39.62452
 -75.72599,  39.62585
 -75.72940,  39.63038
 -75.73004,  39.63095
 -75.73586,  39.63179
 -75.74113,  39.63497
 -75.74165,  39.63548
 -75.74245,  39.63498
 -75.74751,  39.63411
 -75.75325,  39.63506
 -75.75334,  39.63508
 -75.75719,  39.63959
 -75.75828,  39.64410
 -75.75904,  39.64538
 -75.76331,  39.64413
 -75.76490,  39.64375
 -75.77076,  39.64214
 -75.77662,  39.64106
 -75.78246,  39.64109
 -75.78831,  39.64024
 -75.78900,  39.63984
 -75.78831,  39.63945
 -75.78249,  39.63863
 -75.77665,  39.63868
 -75.77081,  39.63805
 -75.76507,  39.63515
 -75.76501,  39.63506
 -75.76334,  39.63065
 -75.76513,  39.62650
 -75.76525,  39.62617
 -75.77101,  39.62305
 -75.77450,  39.62174
 -75.77284,  39.61723
 -75.77110,  39.61664
 -75.76525,  39.61711
 -75.75942,  39.61613
 -75.75359,  39.61559
 -75.74777,  39.61431
 -75.74194,  39.61398
 -75.73609,  39.61499
 -75.73024,  39.61572
 -75.72441,  39.61555
 -75.71859,  39.61409
 -75.71433,  39.61677
END
 -13.00000, -76.08907,  39.62371
 -76.09207,  39.62399
 -76.09789,  39.62587
 -76.10174,  39.62827
 -76.10088,  39.63276
 -76.09782,  39.63441
 -76.09197,  39.63617
 -76.08613,  39.63674
 -76.08030,  39.63584
 -76.07445,  39.63667
 -76.06862,  39.63580
 -76.06440,  39.63258
 -76.06424,  39.62808
 -76.06872,  39.62432
 -76.07356,  39.62363
 -76.07456,  39.62332
 -76.07591,  39.62365
 -76.08039,  39.62425
 -76.08437,  39.62369
 -76.08624,  39.62315
 -76.08907,  39.62371
END
 -13.00000, -75.64726,  39.62070
 -75.64572,  39.62519
 -75.64462,  39.62967
 -75.64440,  39.63417
 -75.64505,  39.63867
 -75.64699,  39.64318
 -75.64811,  39.64407
 -75.65390,  39.64711
 -75.65684,  39.64776
 -75.65971,  39.64906
 -75.66384,  39.65232
 -75.66550,  39.65315
 -75.67129,  39.65669
 -75.67716,  39.65444
 -75.67866,  39.65245
 -75.67879,  39.64795
 -75.67774,  39.64344
 -75.67732,  39.64274
 -75.67543,  39.63893
 -75.67159,  39.63575
 -75.66933,  39.63438
 -75.66581,  39.63115
 -75.66476,  39.62984
 -75.66405,  39.62534
 -75.66012,  39.62103
 -75.65985,  39.62081
 -75.65432,  39.61852
 -75.64848,  39.61891
 -75.64726,  39.62070
END
 -13.00000, -75.86687,  39.62690
 -75.86553,  39.63139
 -75.87011,  39.63562
 -75.87598,  39.63200
 -75.87725,  39.63147
 -75.87603,  39.62825
 -75.87582,  39.62696
 -75.87022,  39.62517
 -75.86687,  39.62690
END
 -13.00000, -75.92328,  39.63177
 -75.92852,  39.63320
 -75.93037,  39.63181
 -75.92855,  39.63002
 -75.92328,  39.63177
END
 -13.00000, -75.98232,  39.63662
 -75.98417,  39.64113
 -75.98095,  39.64507
 -75.97968,  39.64560
 -75.97507,  39.64934
 -75.97446,  39.65007
 -75.96918,  39.65400
 -75.96334,  39.65404
 -75.95750,  39.65318
 -75.95482,  39.64995
 -75.95758,  39.64622
 -75.95982,  39.64548
 -75.96344,  39.64431
 -75.96667,  39.64103
 -75.96893,  39.63655
 -75.96936,  39.63625
 -75.97520,  39.63588
 -75.98104,  39.63588
 -75.98232,  39.63662
END
 -13.00000, -75.70129,  39.63915
 -75.70652,  39.64281
 -75.71111,  39.64372
 -75.71235,  39.64383
 -75.71359,  39.64374
 -75.71822,  39.64115
 -75.71900,  39.63929
 -75.71825,  39.63869
 -75.71246,  39.63531
 -75.70662,  39.63564
 -75.70129,  39.63915
END
 -13.00000, -75.68634,  39.63902
 -75.68903,  39.64046
 -75.69127,  39.63906
 -75.68907,  39.63807
 -75.68634,  39.63902
END
 -13.00000, -75.80988,  39.64898
 -75.81155,  39.64944
 -75.81279,  39.64900
 -75.81157,  39.64804
 -75.80988,  39.64898
END
 -13.00000, -75.73773,  39.64843
 -75.73714,  39.65292
 -75.74139,  39.65523
 -75.74726,  39.65328
 -75.75090,  39.65303
 -75.75311,  39.65216
 -75.75571,  39.64857
 -75.75317,  39.64751
 -75.74734,  39.64709
 -75.74153,  39.64466
 -75.73773,  39.64843
END
 -13.00000, -75.55214,  39.65581
 -75.55446,  39.65770
 -75.55633,  39.66035
 -75.55868,  39.66486
 -75.56016,  39.66632
 -75.56300,  39.66940
 -75.56589,  39.67340
 -75.56642,  39.67393
 -75.57108,  39.67847
 -75.57164,  39.67933
 -75.57352,  39.68299
 -75.57713,  39.68752
 -75.57734,  39.68835
 -75.57894,  39.69204
 -75.57999,  39.69654
 -75.57903,  39.70103
 -75.57732,  39.70551
 -75.57706,  39.70576
 -75.57426,  39.70998
 -75.57109,  39.71389
 -75.56918,  39.71443
 -75.56522,  39.71598
 -75.55936,  39.71667
 -75.55507,  39.71879
 -75.55346,  39.71988
 -75.54759,  39.72118
 -75.54173,  39.72254
 -75.53953,  39.72314
 -75.53586,  39.72409
 -75.52998,  39.72604
 -75.52412,  39.72708
 -75.51827,  39.72695
 -75.51629,  39.72741
 -75.51238,  39.72924
 -75.50652,  39.73063
 -75.50414,  39.73178
 -75.50063,  39.73327
 -75.49475,  39.73470
 -75.48889,  39.73533
 -75.48470,  39.73159
 -75.48316,  39.72836
 -75.48236,  39.72708
 -75.48006,  39.72255
 -75.47823,  39.71804
 -75.47754,  39.71570
 -75.47675,  39.71352
 -75.47447,  39.70901
 -75.47185,  39.70631
 -75.46749,  39.70444
 -75.46605,  39.70367
 -75.46025,  39.70132
 -75.45950,  39.69986
 -75.45831,  39.69535
 -75.45744,  39.69085
 -75.45699,  39.68635
 -75.45753,  39.68185
 -75.46006,  39.67739
 -75.46067,  39.67705
 -75.46146,  39.67740
 -75.46613,  39.68194
 -75.46642,  39.68212
 -75.47223,  39.68430
 -75.47803,  39.68654
 -75.47844,  39.68657
 -75.48387,  39.68700
 -75.48495,  39.68663
 -75.48974,  39.68536
 -75.49371,  39.68222
 -75.49567,  39.67982
 -75.49906,  39.67778
 -75.50159,  39.67533
 -75.50747,  39.67356
 -75.50784,  39.67337
 -75.51337,  39.67025
 -75.51431,  39.66893
 -75.51904,  39.66448
 -75.51930,  39.66418
 -75.52174,  39.66002
 -75.52527,  39.65676
 -75.52737,  39.65557
 -75.53116,  39.65382
 -75.53703,  39.65155
 -75.54288,  39.65128
 -75.54870,  39.65246
 -75.55214,  39.65581
END
 -13.00000, -75.69084,  39.66603
 -75.69352,  39.67056
 -75.68856,  39.67432
 -75.68363,  39.67048
 -75.68459,  39.66599
 -75.68868,  39.66536
 -75.69084,  39.66603
END
 -13.00000, -75.87352,  39.67641
 -75.87545,  39.67882
 -75.88017,  39.68095
 -75.87541,  39.68224
 -75.86954,  39.68462
 -75.86410,  39.68084
 -75.86423,  39.67634
 -75.86965,  39.67531
 -75.87352,  39.67641
END
 -13.00000, -75.93124,  39.69027
 -75.92790,  39.69091
 -75.92735,  39.69025
 -75.92792,  39.68947
 -75.93124,  39.69027
END
 -13.00000, -75.88834,  39.69449
 -75.89280,  39.69481
 -75.89863,  39.69654
 -75.90177,  39.69907
 -75.89965,  39.70356
 -75.89854,  39.70410
 -75.89268,  39.70550
 -75.88683,  39.70583
 -75.88100,  39.70537
 -75.87516,  39.70479
 -75.87206,  39.70338
 -75.87157,  39.69888
 -75.87525,  39.69654
 -75.88111,  39.69486
 -75.88598,  39.69448
 -75.88696,  39.69439
 -75.88834,  39.69449
END
 -13.00000, -75.96104,  39.69945
 -75.95701,  39.70177
 -75.95396,  39.70390
 -75.95114,  39.70445
 -75.94628,  39.70385
 -75.94530,  39.70353
 -75.93947,  39.70256
 -75.93716,  39.69930
 -75.93954,  39.69637
 -75.94538,  39.69621
 -75.95123,  39.69594
 -75.95705,  39.69798
 -75.96104,  39.69945
END
 -13.00000, -75.86832,  39.70785
 -75.86893,  39.71235
 -75.86922,  39.71267
 -75.87289,  39.71687
 -75.87298,  39.72137
 -75.86910,  39.72336
 -75.86685,  39.72133
 -75.86537,  39.71682
 -75.86334,  39.71557
 -75.85751,  39.71490
 -75.85167,  39.71408
 -75.84583,  39.71346
 -75.83998,  39.71401
 -75.83413,  39.71426
 -75.82829,  39.71430
 -75.82485,  39.71204
 -75.82510,  39.70755
 -75.82839,  39.70563
 -75.83424,  39.70550
 -75.84008,  39.70572
 -75.84592,  39.70633
 -75.85177,  39.70589
 -75.85762,  39.70512
 -75.86346,  39.70509
 -75.86832,  39.70785
END
 -13.00000, -75.75306,  39.70701
 -75.75404,  39.71151
 -75.75231,  39.71328
 -75.74648,  39.71201
 -75.74603,  39.71145
 -75.74628,  39.70695
 -75.74655,  39.70663
 -75.75240,  39.70639
 -75.75306,  39.70701
END
 -13.00000, -75.68980,  39.71099
 -75.68803,  39.71201
 -75.68600,  39.71096
 -75.68810,  39.70715
 -75.68980,  39.71099
END
 -13.00000, -75.67183,  39.71984
 -75.67036,  39.72160
 -75.66924,  39.71981
 -75.67042,  39.71730
 -75.67183,  39.71984
END
 -13.00000, -75.70487,  39.72911
 -75.70051,  39.73357
 -75.69942,  39.73381
 -75.69886,  39.73355
 -75.69631,  39.72903
 -75.69952,  39.72659
 -75.70487,  39.72911
END
 -12.00000, -76.25620,  39.33215
 -76.25725,  39.33244
 -76.26305,  39.33314
 -76.26886,  39.33459
 -76.27467,  39.33567
 -76.27699,  39.33671
 -76.28046,  39.34048
 -76.28078,  39.34122
 -76.28045,  39.34181
 -76.27462,  39.34445
 -76.26881,  39.34470
 -76.26300,  39.34236
 -76.25845,  39.34114
 -76.25721,  39.33916
 -76.25596,  39.33664
 -76.25143,  39.33248
 -76.25113,  39.33213
 -76.25144,  39.33163
 -76.25620,  39.33215
END
 -12.00000, -76.19456,  39.34090
 -76.19903,  39.34498
 -76.19994,  39.34542
 -76.20464,  39.34994
 -76.20037,  39.35442
 -76.19896,  39.35549
 -76.19312,  39.35868
 -76.18731,  39.35801
 -76.18310,  39.35435
 -76.18155,  39.35046
 -76.18098,  39.34985
 -76.17796,  39.34534
 -76.17641,  39.34083
 -76.18164,  39.33768
 -76.18745,  39.33796
 -76.19325,  39.33942
 -76.19456,  39.34090
END
 -12.00000, -76.21088,  39.34996
 -76.21062,  39.35015
 -76.20633,  39.34995
 -76.21062,  39.34978
 -76.21088,  39.34996
END
 -12.00000, -76.25656,  39.35463
 -76.25712,  39.35470
 -76.26292,  39.35599
 -76.26872,  39.35889
 -76.27001,  39.35917
 -76.27453,  39.36059
 -76.27974,  39.35921
 -76.28035,  39.35892
 -76.28142,  39.35921
 -76.28386,  39.36372
 -76.28463,  39.36821
 -76.28609,  39.37192
 -76.28642,  39.37272
 -76.28754,  39.37722
 -76.28860,  39.38172
 -76.29103,  39.38622
 -76.29183,  39.38712
 -76.29276,  39.39072
 -76.29179,  39.39515
 -76.29168,  39.39522
 -76.29179,  39.39537
 -76.29430,  39.39972
 -76.29757,  39.40223
 -76.29924,  39.40423
 -76.30176,  39.40874
 -76.30313,  39.41324
 -76.30333,  39.41351
 -76.30914,  39.41618
 -76.31475,  39.41777
 -76.31494,  39.41900
 -76.31538,  39.41777
 -76.32077,  39.41724
 -76.32307,  39.41780
 -76.32528,  39.42230
 -76.32074,  39.42339
 -76.31493,  39.42250
 -76.30910,  39.42339
 -76.30462,  39.42224
 -76.30329,  39.42023
 -76.29748,  39.41908
 -76.29638,  39.41772
 -76.29168,  39.41514
 -76.28586,  39.41500
 -76.28004,  39.41516
 -76.27567,  39.41315
 -76.27425,  39.41013
 -76.27264,  39.40864
 -76.26846,  39.40417
 -76.26263,  39.40634
 -76.25681,  39.40781
 -76.25537,  39.40858
 -76.25679,  39.41037
 -76.25959,  39.41310
 -76.26259,  39.41406
 -76.26553,  39.41761
 -76.26560,  39.42211
 -76.26361,  39.42660
 -76.26284,  39.43109
 -76.26665,  39.43560
 -76.26828,  39.43670
 -76.27409,  39.43790
 -76.27992,  39.43668
 -76.28337,  39.44016
 -76.28274,  39.44465
 -76.28090,  39.44914
 -76.27985,  39.44990
 -76.27853,  39.44913
 -76.27405,  39.44573
 -76.26823,  39.44477
 -76.26482,  39.44909
 -76.26314,  39.45358
 -76.26235,  39.45430
 -76.25678,  39.45805
 -76.25963,  39.46256
 -76.26230,  39.46292
 -76.26797,  39.46708
 -76.26764,  39.47158
 -76.26542,  39.47606
 -76.26221,  39.47811
 -76.25639,  39.47859
 -76.25306,  39.48052
 -76.25054,  39.48143
 -76.24809,  39.48050
 -76.24474,  39.47743
 -76.23892,  39.47668
 -76.23309,  39.47664
 -76.22727,  39.47649
 -76.22584,  39.47592
 -76.22145,  39.47535
 -76.21798,  39.47589
 -76.21562,  39.47691
 -76.20977,  39.47982
 -76.20936,  39.48036
 -76.20976,  39.48103
 -76.21558,  39.48310
 -76.22139,  39.48489
 -76.22150,  39.48490
 -76.22720,  39.48781
 -76.22788,  39.48942
 -76.23042,  39.49393
 -76.23297,  39.49602
 -76.23880,  39.49686
 -76.24284,  39.49847
 -76.24242,  39.50296
 -76.23875,  39.50470
 -76.23508,  39.50743
 -76.23392,  39.51192
 -76.23287,  39.51296
 -76.22704,  39.51260
 -76.22593,  39.51189
 -76.22414,  39.50739
 -76.22128,  39.50353
 -76.21545,  39.50290
 -76.20961,  39.50445
 -76.20377,  39.50549
 -76.19794,  39.50640
 -76.19213,  39.50404
 -76.18629,  39.50553
 -76.18046,  39.50620
 -76.17616,  39.50720
 -76.17462,  39.50796
 -76.17184,  39.50718
 -76.16880,  39.50686
 -76.16297,  39.50675
 -76.15714,  39.50696
 -76.15247,  39.50710
 -76.15131,  39.50719
 -76.14547,  39.50935
 -76.13963,  39.51135
 -76.13381,  39.50938
 -76.12867,  39.50699
 -76.12801,  39.50663
 -76.12220,  39.50420
 -76.11639,  39.50274
 -76.11515,  39.50243
 -76.11058,  39.49972
 -76.10474,  39.50115
 -76.10093,  39.50236
 -76.09889,  39.50396
 -76.09362,  39.50682
 -76.09532,  39.51133
 -76.09882,  39.51339
 -76.10387,  39.51587
 -76.10462,  39.51618
 -76.11044,  39.51739
 -76.11625,  39.52008
 -76.11696,  39.52043
 -76.12122,  39.52494
 -76.12203,  39.52546
 -76.12785,  39.52739
 -76.13367,  39.52898
 -76.13448,  39.52950
 -76.13365,  39.53098
 -76.12857,  39.53397
 -76.12779,  39.53411
 -76.12196,  39.53404
 -76.11613,  39.53535
 -76.11028,  39.53799
 -76.10971,  39.53838
 -76.10441,  39.54241
 -76.10287,  39.54284
 -76.09857,  39.54341
 -76.09693,  39.54281
 -76.09277,  39.53907
 -76.08928,  39.53828
 -76.08695,  39.53782
 -76.08113,  39.53667
 -76.07530,  39.53702
 -76.06948,  39.53598
 -76.06365,  39.53577
 -76.05782,  39.53548
 -76.05199,  39.53616
 -76.04616,  39.53551
 -76.04034,  39.53403
 -76.03943,  39.53353
 -76.03455,  39.52972
 -76.03371,  39.52900
 -76.02876,  39.52613
 -76.02404,  39.52445
 -76.02295,  39.52360
 -76.01714,  39.52106
 -76.01509,  39.51990
 -76.01136,  39.51593
 -76.00864,  39.51537
 -76.00557,  39.51245
 -76.00138,  39.51534
 -76.00344,  39.51984
 -75.99963,  39.52369
 -75.99925,  39.52431
 -75.99377,  39.52750
 -75.98793,  39.52797
 -75.98212,  39.52625
 -75.97630,  39.52573
 -75.97047,  39.52528
 -75.96726,  39.52412
 -75.96467,  39.52223
 -75.96059,  39.51959
 -75.95889,  39.51696
 -75.95306,  39.51805
 -75.94913,  39.51952
 -75.94720,  39.51982
 -75.94135,  39.52321
 -75.93554,  39.52094
 -75.93473,  39.51943
 -75.92976,  39.51658
 -75.92392,  39.51709
 -75.91980,  39.51484
 -75.91813,  39.51356
 -75.91615,  39.51031
 -75.91695,  39.50583
 -75.91242,  39.50210
 -75.90659,  39.50215
 -75.90075,  39.50426
 -75.89858,  39.50571
 -75.89497,  39.51018
 -75.89485,  39.51057
 -75.89251,  39.51466
 -75.88895,  39.51722
 -75.88777,  39.51913
 -75.88892,  39.51990
 -75.89474,  39.52016
 -75.90056,  39.52123
 -75.90639,  39.52093
 -75.91222,  39.52130
 -75.91804,  39.52193
 -75.92200,  39.52384
 -75.92384,  39.52469
 -75.92835,  39.52838
 -75.92960,  39.53051
 -75.93542,  39.53267
 -75.93574,  39.53292
 -75.94122,  39.53454
 -75.94703,  39.53716
 -75.94870,  39.53750
 -75.95284,  39.53945
 -75.95585,  39.53754
 -75.95869,  39.53702
 -75.96046,  39.53757
 -75.96256,  39.54208
 -75.95862,  39.54393
 -75.95551,  39.54654
 -75.95431,  39.55103
 -75.95271,  39.55235
 -75.94687,  39.55266
 -75.94105,  39.55140
 -75.94054,  39.55094
 -75.93533,  39.54641
 -75.93527,  39.54638
 -75.92946,  39.54437
 -75.92362,  39.54537
 -75.91972,  39.54631
 -75.91777,  39.54691
 -75.91463,  39.55077
 -75.91188,  39.55265
 -75.90605,  39.55214
 -75.90022,  39.55262
 -75.89555,  39.55065
 -75.89443,  39.54839
 -75.89263,  39.54614
 -75.89285,  39.54164
 -75.88869,  39.53975
 -75.88364,  39.53708
 -75.88290,  39.53695
 -75.87708,  39.53551
 -75.87127,  39.53365
 -75.86856,  39.53249
 -75.86549,  39.53001
 -75.86356,  39.52795
 -75.85970,  39.52608
 -75.85386,  39.52694
 -75.84805,  39.52589
 -75.84423,  39.52332
 -75.84296,  39.51882
 -75.84232,  39.51654
 -75.84012,  39.51431
 -75.84189,  39.50982
 -75.84241,  39.50969
 -75.84341,  39.50983
 -75.84822,  39.51089
 -75.85404,  39.51139
 -75.85986,  39.51187
 -75.86570,  39.51112
 -75.87154,  39.51049
 -75.87732,  39.51444
 -75.87822,  39.51457
 -75.88313,  39.51550
 -75.88567,  39.51462
 -75.88653,  39.51012
 -75.88461,  39.50562
 -75.88326,  39.50412
 -75.87746,  39.50241
 -75.87161,  39.50378
 -75.86975,  39.50102
 -75.86752,  39.49651
 -75.86589,  39.49435
 -75.86008,  39.49304
 -75.85738,  39.49194
 -75.85891,  39.48746
 -75.86015,  39.48713
 -75.86245,  39.48748
 -75.86594,  39.48976
 -75.86808,  39.48752
 -75.87181,  39.48633
 -75.87503,  39.48307
 -75.87617,  39.47858
 -75.87775,  39.47602
 -75.88165,  39.47412
 -75.88361,  39.47276
 -75.88653,  39.46965
 -75.88950,  39.46745
 -75.89531,  39.46899
 -75.90115,  39.46804
 -75.90356,  39.46976
 -75.90543,  39.47427
 -75.90571,  39.47878
 -75.90682,  39.48149
 -75.90965,  39.48330
 -75.91262,  39.48421
 -75.91576,  39.48783
 -75.91594,  39.49233
 -75.91538,  39.49682
 -75.91377,  39.50131
 -75.91823,  39.50460
 -75.92408,  39.50232
 -75.92989,  39.50340
 -75.93571,  39.50427
 -75.94152,  39.50597
 -75.94163,  39.50598
 -75.94733,  39.50793
 -75.95315,  39.50867
 -75.95898,  39.50813
 -75.96481,  39.50776
 -75.97066,  39.50643
 -75.97645,  39.51013
 -75.97749,  39.51070
 -75.98225,  39.51223
 -75.98807,  39.51417
 -75.99389,  39.51447
 -75.99972,  39.51504
 -76.00510,  39.51085
 -76.00048,  39.50633
 -75.99980,  39.50597
 -75.99401,  39.50219
 -75.99306,  39.50179
 -75.98821,  39.49887
 -75.98633,  39.49726
 -75.98241,  39.49641
 -75.97659,  39.49648
 -75.97076,  39.49607
 -75.96494,  39.49561
 -75.95912,  39.49460
 -75.95456,  39.49257
 -75.95333,  39.49072
 -75.94769,  39.48804
 -75.94753,  39.48798
 -75.94173,  39.48638
 -75.93591,  39.48557
 -75.93010,  39.48367
 -75.92872,  39.48342
 -75.92432,  39.47896
 -75.92389,  39.47889
 -75.92433,  39.47882
 -75.93018,  39.47664
 -75.93602,  39.47491
 -75.94090,  39.47450
 -75.94185,  39.47444
 -75.94769,  39.47354
 -75.95351,  39.47405
 -75.95525,  39.47459
 -75.95931,  39.47611
 -75.96514,  39.47527
 -75.97097,  39.47506
 -75.97676,  39.47856
 -75.97825,  39.47923
 -75.98257,  39.48019
 -75.98840,  39.48018
 -75.98949,  39.47929
 -75.99427,  39.47486
 -75.99430,  39.47482
 -76.00012,  39.47226
 -76.00301,  39.47038
 -76.00600,  39.46672
 -76.00864,  39.46591
 -76.01184,  39.46514
 -76.01767,  39.46464
 -76.02351,  39.46316
 -76.02882,  39.46152
 -76.02356,  39.45739
 -76.02306,  39.45700
 -76.01775,  39.45604
 -76.01193,  39.45522
 -76.00612,  39.45419
 -76.00345,  39.45239
 -76.00264,  39.44789
 -76.00040,  39.44364
 -75.99457,  39.44400
 -75.98875,  39.44418
 -75.98727,  39.44330
 -75.98523,  39.43880
 -75.98596,  39.43430
 -75.98886,  39.43248
 -75.99467,  39.43357
 -75.99797,  39.43437
 -76.00047,  39.43639
 -76.00189,  39.43439
 -76.00272,  39.42990
 -76.00639,  39.42633
 -76.00801,  39.42544
 -76.01223,  39.42364
 -76.01680,  39.42099
 -76.01808,  39.42003
 -76.02391,  39.41960
 -76.02567,  39.42104
 -76.02970,  39.42267
 -76.03358,  39.42558
 -76.03546,  39.42949
 -76.03571,  39.43008
 -76.04124,  39.43435
 -76.04675,  39.43015
 -76.04710,  39.42976
 -76.05293,  39.42999
 -76.05302,  39.43018
 -76.05870,  39.43457
 -76.06455,  39.43148
 -76.06567,  39.43024
 -76.06458,  39.42864
 -76.06274,  39.42573
 -76.05881,  39.42271
 -76.05737,  39.42121
 -76.05537,  39.41670
 -76.05305,  39.41546
 -76.04723,  39.41472
 -76.04141,  39.41509
 -76.03559,  39.41524
 -76.02979,  39.41397
 -76.02863,  39.41206
 -76.02827,  39.40756
 -76.02499,  39.40305
 -76.02553,  39.39856
 -76.02994,  39.39725
 -76.03355,  39.39860
 -76.03572,  39.40058
 -76.04154,  39.40075
 -76.04721,  39.40317
 -76.04734,  39.40319
 -76.05315,  39.40360
 -76.05897,  39.40437
 -76.06479,  39.40445
 -76.07060,  39.40427
 -76.07168,  39.40329
 -76.07298,  39.39881
 -76.07127,  39.39430
 -76.07195,  39.38981
 -76.07320,  39.38532
 -76.07597,  39.38084
 -76.07664,  39.37949
 -76.08247,  39.37737
 -76.08388,  39.38088
 -76.08823,  39.38378
 -76.09406,  39.38342
 -76.09988,  39.38327
 -76.10567,  39.38512
 -76.10636,  39.38548
 -76.11147,  39.38913
 -76.11729,  39.38769
 -76.12236,  39.38556
 -76.12313,  39.38461
 -76.12434,  39.38107
 -76.12318,  39.37935
 -76.11982,  39.37655
 -76.11739,  39.37531
 -76.11159,  39.37312
 -76.10837,  39.37200
 -76.10875,  39.36750
 -76.11165,  39.36570
 -76.11531,  39.36304
 -76.11751,  39.35987
 -76.12333,  39.35947
 -76.12915,  39.35885
 -76.13496,  39.35964
 -76.13880,  39.35865
 -76.14079,  39.35829
 -76.14154,  39.35867
 -76.14658,  39.36089
 -76.15240,  39.36127
 -76.15821,  39.36129
 -76.16403,  39.36083
 -76.16984,  39.36209
 -76.17566,  39.36115
 -76.18147,  39.36192
 -76.18730,  39.35925
 -76.19312,  39.35898
 -76.19892,  39.36068
 -76.20473,  39.36143
 -76.20897,  39.36345
 -76.21053,  39.36372
 -76.21203,  39.36346
 -76.21637,  39.36094
 -76.22219,  39.36007
 -76.22800,  39.36043
 -76.23305,  39.35904
 -76.23383,  39.35864
 -76.23967,  39.35521
 -76.24272,  39.35458
 -76.24549,  39.35374
 -76.25130,  39.35411
 -76.25656,  39.35463
END
 -12.00000, -76.09455,  39.37193
 -76.09415,  39.37204
 -76.08832,  39.37358
 -76.08572,  39.37189
 -76.08836,  39.36808
 -76.09415,  39.37171
 -76.09455,  39.37193
END
 -12.00000, -76.31088,  39.37729
 -76.31196,  39.38179
 -76.30930,  39.38309
 -76.30611,  39.38177
 -76.30650,  39.37728
 -76.30934,  39.37661
 -76.31088,  39.37729
END
 -12.00000, -76.13504,  39.38562
 -76.13519,  39.39011
 -76.14052,  39.39378
 -76.14472,  39.39016
 -76.14398,  39.38565
 -76.14059,  39.38379
 -76.13504,  39.38562
END
 -12.00000, -76.05994,  39.38525
 -76.06493,  39.38830
 -76.06689,  39.38978
 -76.06490,  39.39168
 -76.06205,  39.39425
 -76.05904,  39.39516
 -76.05598,  39.39422
 -76.05333,  39.38971
 -76.05739,  39.38523
 -76.05914,  39.38503
 -76.05994,  39.38525
END
 -12.00000, -76.24693,  39.39057
 -76.25108,  39.39291
 -76.25459,  39.39060
 -76.25110,  39.38823
 -76.24693,  39.39057
END
 -12.00000, -76.15796,  39.39471
 -76.15588,  39.39920
 -76.15792,  39.40039
 -76.16264,  39.39923
 -76.15797,  39.39471
 -76.15797,  39.39466
 -76.15796,  39.39471
END
 -12.00000, -76.26997,  39.39964
 -76.26897,  39.40413
 -76.27428,  39.40503
 -76.27599,  39.40416
 -76.28011,  39.40377
 -76.28514,  39.39970
 -76.28014,  39.39639
 -76.27432,  39.39754
 -76.26997,  39.39964
END
 -12.00000, -76.22572,  39.39948
 -76.22774,  39.40299
 -76.23026,  39.40400
 -76.23354,  39.40492
 -76.23936,  39.40622
 -76.24226,  39.40404
 -76.24355,  39.39955
 -76.23942,  39.39562
 -76.23360,  39.39541
 -76.22778,  39.39650
 -76.22572,  39.39948
END
 -12.00000, -76.20772,  39.41740
 -76.20860,  39.42190
 -76.21015,  39.42250
 -76.21430,  39.42192
 -76.21600,  39.41811
 -76.21912,  39.42194
 -76.22178,  39.42425
 -76.22398,  39.42196
 -76.22296,  39.41746
 -76.22183,  39.41651
 -76.21600,  39.41716
 -76.21019,  39.41640
 -76.20772,  39.41740
END
 -12.00000, -75.97684,  39.42975
 -75.97138,  39.43355
 -75.96646,  39.42969
 -75.97145,  39.42690
 -75.97684,  39.42975
END
 -12.00000, -76.01457,  39.43446
 -76.01212,  39.43569
 -76.00629,  39.43668
 -76.00211,  39.43889
 -76.00285,  39.44339
 -76.00622,  39.44365
 -76.01204,  39.44389
 -76.01785,  39.44474
 -76.02368,  39.44403
 -76.02604,  39.44352
 -76.02954,  39.44013
 -76.03014,  39.43905
 -76.02956,  39.43845
 -76.02449,  39.43452
 -76.02378,  39.43390
 -76.01797,  39.43280
 -76.01457,  39.43446
END
 -12.00000, -76.24673,  39.44003
 -76.25078,  39.44202
 -76.25364,  39.44006
 -76.25080,  39.43831
 -76.24673,  39.44003
END
 -12.00000, -76.23856,  39.44000
 -76.23914,  39.44025
 -76.24070,  39.44001
 -76.23915,  39.43952
 -76.23856,  39.44000
END
 -12.00000, -76.19592,  39.43983
 -76.19838,  39.44122
 -76.19998,  39.43985
 -76.19839,  39.43914
 -76.19592,  39.43983
END
 -12.00000, -76.15157,  39.46213
 -76.15165,  39.46216
 -76.15180,  39.46213
 -76.15165,  39.46169
 -76.15157,  39.46213
END
 -12.00000, -76.16763,  39.47119
 -76.16905,  39.47229
 -76.17488,  39.47131
 -76.18069,  39.47259
 -76.18241,  39.47126
 -76.18071,  39.47023
 -76.17488,  39.47113
 -76.16908,  39.46706
 -76.16763,  39.47119
END
 -12.00000, -76.18616,  39.48026
 -76.18645,  39.48211
 -76.18847,  39.48477
 -76.18656,  39.48926
 -76.19098,  39.49377
 -76.19219,  39.49516
 -76.19801,  39.49569
 -76.20212,  39.49382
 -76.20387,  39.49178
 -76.20480,  39.48933
 -76.20390,  39.48798
 -76.19808,  39.48589
 -76.19466,  39.48479
 -76.19337,  39.48029
 -76.19231,  39.47858
 -76.18648,  39.47934
 -76.18616,  39.48026
END
 -12.00000, -76.02657,  39.47950
 -76.02914,  39.48329
 -76.03283,  39.47953
 -76.02921,  39.47681
 -76.02657,  39.47950
END
 -12.00000, -76.05458,  39.48864
 -76.05239,  39.49047
 -76.04865,  39.49311
 -76.04668,  39.49759
 -76.04677,  39.50209
 -76.05228,  39.50317
 -76.05810,  39.50379
 -76.06393,  39.50383
 -76.06970,  39.50671
 -76.06972,  39.50785
 -76.07554,  39.50858
 -76.08138,  39.50809
 -76.08721,  39.50681
 -76.08746,  39.50679
 -76.09306,  39.50380
 -76.09360,  39.50233
 -76.09308,  39.50206
 -76.08942,  39.49781
 -76.08730,  39.49553
 -76.08150,  39.49339
 -76.08121,  39.49327
 -76.07569,  39.49060
 -76.07423,  39.48874
 -76.06990,  39.48647
 -76.06406,  39.48797
 -76.05824,  39.48767
 -76.05458,  39.48864
END
 -12.00000, -76.01109,  39.48841
 -76.01162,  39.48900
 -76.01186,  39.48841
 -76.01162,  39.48830
 -76.01109,  39.48841
END
 -12.00000, -76.03460,  39.50652
 -76.03476,  39.50664
 -76.03609,  39.51102
 -76.04053,  39.51243
 -76.04313,  39.51106
 -76.04317,  39.50657
 -76.04060,  39.50549
 -76.03477,  39.50647
 -76.03460,  39.50652
END
 -12.00000, -75.99946,  39.54229
 -75.99945,  39.54230
 -75.99928,  39.54229
 -75.99946,  39.54194
 -75.99946,  39.54229
END
 -12.00000, -76.02023,  39.54691
 -76.02272,  39.54810
 -76.02436,  39.55143
 -76.02267,  39.55293
 -76.01684,  39.55394
 -76.01099,  39.55501
 -76.00534,  39.55133
 -76.00668,  39.54684
 -76.01109,  39.54564
 -76.01691,  39.54632
 -76.02023,  39.54691
END
 -12.00000, -76.18297,  39.56119
 -76.18007,  39.56270
 -76.17659,  39.56116
 -76.18011,  39.55672
 -76.18297,  39.56119
END
 -12.00000, -75.86295,  39.55943
 -75.86510,  39.56348
 -75.86599,  39.56394
 -75.87092,  39.56464
 -75.87672,  39.56689
 -75.88225,  39.56855
 -75.88252,  39.57020
 -75.88265,  39.57305
 -75.88248,  39.57412
 -75.87992,  39.57753
 -75.87659,  39.57874
 -75.87462,  39.57749
 -75.87078,  39.57656
 -75.86532,  39.57293
 -75.86501,  39.57183
 -75.86401,  39.56842
 -75.85925,  39.56429
 -75.85520,  39.56387
 -75.85343,  39.56355
 -75.84761,  39.56269
 -75.84409,  39.55930
 -75.84770,  39.55508
 -75.85352,  39.55543
 -75.85935,  39.55627
 -75.86295,  39.55943
END
 -12.00000, -75.83016,  39.58168
 -75.82988,  39.58178
 -75.82964,  39.58168
 -75.82989,  39.58120
 -75.83016,  39.58168
END
 -12.00000, -75.85963,  39.59088
 -75.85894,  39.59126
 -75.85704,  39.59086
 -75.85897,  39.58918
 -75.85963,  39.59088
END
 -12.00000, -75.81199,  39.65799
 -75.81139,  39.66192
 -75.81070,  39.65798
 -75.81145,  39.65777
 -75.81199,  39.65799
END
END
