 -13.00000, -76.12151,  39.17871
 -76.11967,  39.18320
 -76.11890,  39.18349
 -76.11688,  39.18319
 -76.11312,  39.18013
 -76.10733,  39.17947
 -76.10412,  39.17863
 -76.10734,  39.17839
 -76.11314,  39.17823
 -76.11895,  39.17696
 -76.12151,  39.17871
END
 -13.00000, -76.09472,  39.17859
 -76.09203,  39.18307
 -76.08989,  39.18359
 -76.08702,  39.18304
 -76.08413,  39.17903
 -76.07831,  39.18151
 -76.07252,  39.18011
 -76.06673,  39.17852
 -76.06089,  39.18264
 -76.05782,  39.17840
 -76.06094,  39.17757
 -76.06673,  39.17842
 -76.07253,  39.17809
 -76.07834,  39.17778
 -76.08413,  39.17840
 -76.08994,  39.17683
 -76.09472,  39.17859
END
 -13.00000, -76.14999,  39.19683
 -76.15304,  39.20134
 -76.14775,  39.20358
 -76.14195,  39.20361
 -76.13726,  39.20127
 -76.13943,  39.19678
 -76.14201,  39.19599
 -76.14781,  39.19604
 -76.14999,  39.19683
END
 -13.00000, -75.93469,  39.20916
 -75.93425,  39.21366
 -75.93872,  39.21664
 -75.94452,  39.21723
 -75.95033,  39.21623
 -75.95612,  39.21791
 -75.96069,  39.21832
 -75.95609,  39.22058
 -75.95532,  39.22278
 -75.95025,  39.22401
 -75.94446,  39.22301
 -75.93865,  39.22295
 -75.93825,  39.22268
 -75.93667,  39.21817
 -75.93294,  39.21468
 -75.92714,  39.21413
 -75.92627,  39.21361
 -75.92409,  39.20910
 -75.92722,  39.20628
 -75.93301,  39.20696
 -75.93469,  39.20916
END
 -13.00000, -76.04246,  39.21879
 -76.04098,  39.22327
 -76.03732,  39.22378
 -76.03648,  39.22325
 -76.03456,  39.21874
 -76.03738,  39.21770
 -76.04246,  39.21879
END
 -13.00000, -75.81159,  39.22182
 -75.81097,  39.22226
 -75.80997,  39.22180
 -75.81100,  39.21920
 -75.81159,  39.22182
END
 -13.00000, -76.10272,  39.22808
 -76.10416,  39.23259
 -76.10686,  39.23671
 -76.11267,  39.23668
 -76.11850,  39.23456
 -76.12431,  39.23315
 -76.13011,  39.23346
 -76.13525,  39.23273
 -76.13593,  39.23249
 -76.13673,  39.23274
 -76.14172,  39.23352
 -76.14753,  39.23405
 -76.15332,  39.23537
 -76.15740,  39.23733
 -76.15854,  39.24183
 -76.15668,  39.24632
 -76.15522,  39.25081
 -76.15318,  39.25423
 -76.15167,  39.25529
 -76.14734,  39.25939
 -76.14720,  39.25977
 -76.14733,  39.26022
 -76.15312,  39.26279
 -76.15740,  39.26431
 -76.15891,  39.26455
 -76.16471,  39.26670
 -76.16734,  39.26885
 -76.17048,  39.27144
 -76.17628,  39.27193
 -76.18209,  39.27217
 -76.18583,  39.26892
 -76.18358,  39.26442
 -76.18216,  39.26276
 -76.17948,  39.25990
 -76.18219,  39.25841
 -76.18800,  39.25742
 -76.19379,  39.25951
 -76.19387,  39.25996
 -76.19699,  39.26448
 -76.19956,  39.26536
 -76.20538,  39.26479
 -76.21118,  39.26463
 -76.21699,  39.26530
 -76.22279,  39.26564
 -76.22861,  39.26508
 -76.22936,  39.26460
 -76.23234,  39.26011
 -76.23396,  39.25563
 -76.22868,  39.25356
 -76.22286,  39.25483
 -76.22019,  39.25558
 -76.21705,  39.25637
 -76.21124,  39.25703
 -76.20542,  39.25730
 -76.20091,  39.25550
 -76.19963,  39.25508
 -76.19509,  39.25098
 -76.19389,  39.24665
 -76.19375,  39.24648
 -76.18810,  39.24419
 -76.18478,  39.24194
 -76.18517,  39.23745
 -76.18815,  39.23569
 -76.19395,  39.23680
 -76.19534,  39.23749
 -76.19788,  39.24200
 -76.19971,  39.24289
 -76.20553,  39.24207
 -76.21133,  39.24323
 -76.21712,  39.24380
 -76.22292,  39.24522
 -76.22850,  39.24661
 -76.22872,  39.24686
 -76.23201,  39.25112
 -76.23447,  39.25520
 -76.24029,  39.25447
 -76.24609,  39.25503
 -76.24830,  39.25568
 -76.25188,  39.25663
 -76.25459,  39.26020
 -76.25745,  39.26471
 -76.25764,  39.26486
 -76.26344,  39.26767
 -76.26688,  39.26923
 -76.26341,  39.27195
 -76.26143,  39.27371
 -76.25758,  39.27510
 -76.25476,  39.27819
 -76.25337,  39.28268
 -76.25172,  39.28430
 -76.24803,  39.28716
 -76.24889,  39.29166
 -76.25166,  39.29465
 -76.25382,  39.29617
 -76.25650,  39.30067
 -76.25743,  39.30136
 -76.26324,  39.30219
 -76.26904,  39.30433
 -76.27274,  39.30523
 -76.27483,  39.30637
 -76.28064,  39.30680
 -76.28560,  39.30976
 -76.28643,  39.31106
 -76.29000,  39.31428
 -76.29221,  39.31722
 -76.29803,  39.31575
 -76.30383,  39.31752
 -76.30595,  39.31882
 -76.30381,  39.32207
 -76.30227,  39.32331
 -76.29798,  39.32419
 -76.29475,  39.32328
 -76.29220,  39.31993
 -76.28638,  39.32143
 -76.28456,  39.32325
 -76.28055,  39.32444
 -76.27473,  39.32487
 -76.26891,  39.32513
 -76.26311,  39.32343
 -76.26014,  39.32317
 -76.25730,  39.32293
 -76.25690,  39.32315
 -76.25148,  39.32512
 -76.24567,  39.32483
 -76.23985,  39.32503
 -76.23403,  39.32687
 -76.22822,  39.32687
 -76.22240,  39.32690
 -76.21768,  39.32751
 -76.21857,  39.33201
 -76.22237,  39.33282
 -76.22818,  39.33308
 -76.23399,  39.33317
 -76.23979,  39.33468
 -76.24562,  39.33303
 -76.25143,  39.33274
 -76.25725,  39.33226
 -76.26306,  39.33284
 -76.26886,  39.33494
 -76.27462,  39.33671
 -76.27467,  39.33673
 -76.28047,  39.33773
 -76.28628,  39.33895
 -76.29208,  39.34042
 -76.29272,  39.34126
 -76.29788,  39.34361
 -76.30370,  39.34333
 -76.30951,  39.34362
 -76.31532,  39.34572
 -76.31546,  39.34583
 -76.31874,  39.35034
 -76.31628,  39.35483
 -76.31526,  39.35574
 -76.30944,  39.35653
 -76.30362,  39.35798
 -76.29781,  39.35809
 -76.29601,  39.35926
 -76.29459,  39.36375
 -76.29400,  39.36824
 -76.29773,  39.37188
 -76.30229,  39.37277
 -76.30354,  39.37289
 -76.30935,  39.37489
 -76.31291,  39.37730
 -76.31514,  39.38002
 -76.31659,  39.38181
 -76.32094,  39.38368
 -76.32540,  39.38633
 -76.32664,  39.39083
 -76.32672,  39.39097
 -76.33253,  39.39368
 -76.33820,  39.39086
 -76.33836,  39.39065
 -76.33868,  39.39086
 -76.33836,  39.39182
 -76.33744,  39.39536
 -76.33716,  39.39985
 -76.33672,  39.40435
 -76.33353,  39.40883
 -76.33244,  39.41056
 -76.32761,  39.41331
 -76.32661,  39.41374
 -76.32078,  39.41561
 -76.31496,  39.41634
 -76.30914,  39.41594
 -76.30331,  39.41637
 -76.29749,  39.41705
 -76.29625,  39.41771
 -76.29523,  39.42221
 -76.29745,  39.42462
 -76.30322,  39.42673
 -76.30326,  39.42675
 -76.30334,  39.42673
 -76.30909,  39.42589
 -76.31491,  39.42493
 -76.32073,  39.42440
 -76.32655,  39.42627
 -76.32784,  39.42680
 -76.33235,  39.42982
 -76.33320,  39.43132
 -76.33814,  39.43576
 -76.33903,  39.43583
 -76.34396,  39.43660
 -76.34540,  39.43584
 -76.34979,  39.43510
 -76.35188,  39.43586
 -76.35490,  39.44037
 -76.34975,  39.44468
 -76.34393,  39.44323
 -76.33811,  39.44290
 -76.33228,  39.44341
 -76.32751,  39.44479
 -76.32645,  39.44508
 -76.32063,  39.44672
 -76.31479,  39.44865
 -76.30898,  39.44768
 -76.30315,  39.44819
 -76.29733,  39.44800
 -76.29150,  39.44744
 -76.28568,  39.44837
 -76.27986,  39.44725
 -76.27404,  39.44677
 -76.26822,  39.44631
 -76.26576,  39.44909
 -76.26671,  39.45359
 -76.26817,  39.45488
 -76.27399,  39.45532
 -76.27982,  39.45462
 -76.28440,  39.45815
 -76.28561,  39.46014
 -76.28752,  39.46265
 -76.29140,  39.46651
 -76.29193,  39.46716
 -76.29308,  39.47166
 -76.29301,  39.47615
 -76.29406,  39.48066
 -76.29713,  39.48450
 -76.29893,  39.48517
 -76.30295,  39.48699
 -76.30877,  39.48796
 -76.31065,  39.48971
 -76.31160,  39.49421
 -76.31326,  39.49870
 -76.31004,  39.50319
 -76.30869,  39.50371
 -76.30783,  39.50318
 -76.30602,  39.49868
 -76.30290,  39.49482
 -76.29708,  39.49418
 -76.29125,  39.49490
 -76.28936,  39.49413
 -76.28544,  39.49165
 -76.28407,  39.48962
 -76.27965,  39.48619
 -76.27382,  39.48646
 -76.26800,  39.48576
 -76.26217,  39.48543
 -76.26110,  39.48505
 -76.25636,  39.48276
 -76.25488,  39.48053
 -76.25056,  39.47789
 -76.24751,  39.48050
 -76.24541,  39.48499
 -76.24469,  39.48568
 -76.23885,  39.48730
 -76.23302,  39.48752
 -76.22721,  39.48616
 -76.22254,  39.48491
 -76.22140,  39.48447
 -76.21558,  39.48351
 -76.21303,  39.48487
 -76.20973,  39.48563
 -76.20619,  39.48934
 -76.20969,  39.49216
 -76.21370,  39.49386
 -76.21550,  39.49569
 -76.21867,  39.49838
 -76.22130,  39.50016
 -76.22579,  39.49841
 -76.22713,  39.49768
 -76.23296,  39.49738
 -76.23849,  39.49845
 -76.23878,  39.49849
 -76.24460,  39.50043
 -76.24861,  39.50298
 -76.25041,  39.50357
 -76.25398,  39.50301
 -76.25625,  39.50228
 -76.26207,  39.50299
 -76.26379,  39.50304
 -76.26790,  39.50310
 -76.27372,  39.50311
 -76.27954,  39.50428
 -76.28538,  39.50362
 -76.29120,  39.50428
 -76.29669,  39.50764
 -76.29671,  39.51214
 -76.29114,  39.51566
 -76.28725,  39.51661
 -76.28529,  39.51794
 -76.27946,  39.51983
 -76.27363,  39.51918
 -76.26781,  39.51843
 -76.26199,  39.51764
 -76.25614,  39.51953
 -76.25031,  39.52029
 -76.24992,  39.52098
 -76.25031,  39.52130
 -76.25613,  39.52225
 -76.26195,  39.52414
 -76.26778,  39.52428
 -76.27361,  39.52390
 -76.27944,  39.52246
 -76.28242,  39.52559
 -76.28523,  39.52971
 -76.28550,  39.53009
 -76.28723,  39.53460
 -76.29103,  39.53565
 -76.29504,  39.53912
 -76.29190,  39.54360
 -76.29099,  39.54390
 -76.28986,  39.54359
 -76.28517,  39.54065
 -76.28310,  39.53907
 -76.27936,  39.53727
 -76.27824,  39.53906
 -76.27644,  39.54355
 -76.27348,  39.54511
 -76.26765,  39.54568
 -76.26183,  39.54369
 -76.26146,  39.54350
 -76.25602,  39.54035
 -76.25492,  39.53898
 -76.25021,  39.53688
 -76.24437,  39.53806
 -76.23855,  39.53713
 -76.23271,  39.53766
 -76.22688,  39.53796
 -76.22478,  39.53887
 -76.22687,  39.54044
 -76.23268,  39.54252
 -76.23371,  39.54340
 -76.23850,  39.54428
 -76.24432,  39.54701
 -76.24504,  39.54794
 -76.24625,  39.55244
 -76.24654,  39.55694
 -76.24605,  39.56143
 -76.24422,  39.56371
 -76.23837,  39.56562
 -76.23254,  39.56531
 -76.22671,  39.56507
 -76.22088,  39.56497
 -76.21583,  39.56132
 -76.21507,  39.56055
 -76.21016,  39.55680
 -76.20927,  39.55658
 -76.20705,  39.55679
 -76.20343,  39.55756
 -76.19760,  39.55694
 -76.19177,  39.55676
 -76.18592,  39.55902
 -76.18383,  39.56119
 -76.18005,  39.56401
 -76.17422,  39.56437
 -76.16839,  39.56465
 -76.16255,  39.56463
 -76.15672,  39.56479
 -76.15089,  39.56495
 -76.14955,  39.56554
 -76.14503,  39.56863
 -76.14336,  39.57001
 -76.13927,  39.57449
 -76.13914,  39.57451
 -76.13331,  39.57554
 -76.12746,  39.57691
 -76.12162,  39.57811
 -76.12009,  39.57890
 -76.11576,  39.58161
 -76.10994,  39.57963
 -76.10409,  39.58177
 -76.10049,  39.57880
 -76.09828,  39.57812
 -76.09245,  39.57823
 -76.08662,  39.57808
 -76.08080,  39.57708
 -76.07497,  39.57552
 -76.06915,  39.57509
 -76.06393,  39.57862
 -76.06325,  39.58201
 -76.05880,  39.58309
 -76.05740,  39.58331
 -76.05579,  39.58757
 -76.05506,  39.59206
 -76.05147,  39.59433
 -76.04565,  39.59338
 -76.04098,  39.59199
 -76.03983,  39.59165
 -76.03400,  39.59095
 -76.02817,  39.59058
 -76.02233,  39.59010
 -76.01649,  39.59063
 -76.01215,  39.59183
 -76.01064,  39.59300
 -76.00478,  39.59542
 -75.99894,  39.59587
 -75.99310,  39.59611
 -75.99287,  39.59622
 -75.98724,  39.59939
 -75.98689,  39.60068
 -75.98517,  39.60517
 -75.98132,  39.60692
 -75.97860,  39.60962
 -75.97587,  39.61411
 -75.97541,  39.61462
 -75.96955,  39.61680
 -75.96371,  39.61724
 -75.96027,  39.61401
 -75.95794,  39.61108
 -75.95691,  39.60949
 -75.95213,  39.60772
 -75.94628,  39.60941
 -75.94622,  39.60943
 -75.94080,  39.61389
 -75.94039,  39.61417
 -75.93454,  39.61551
 -75.92870,  39.61568
 -75.92287,  39.61592
 -75.91702,  39.61654
 -75.91118,  39.61671
 -75.90533,  39.61793
 -75.89951,  39.61691
 -75.89409,  39.61809
 -75.89362,  39.62095
 -75.89009,  39.61806
 -75.88782,  39.61789
 -75.88199,  39.61743
 -75.87615,  39.61757
 -75.87033,  39.61580
 -75.86450,  39.61504
 -75.85867,  39.61494
 -75.85282,  39.61599
 -75.84698,  39.61563
 -75.84284,  39.61325
 -75.84126,  39.60874
 -75.84123,  39.60872
 -75.84115,  39.60874
 -75.83534,  39.61308
 -75.83517,  39.61319
 -75.83155,  39.61766
 -75.83210,  39.62217
 -75.83521,  39.62453
 -75.83842,  39.62670
 -75.84099,  39.62900
 -75.84183,  39.63123
 -75.84096,  39.63202
 -75.83511,  39.63264
 -75.82925,  39.63482
 -75.82690,  39.63561
 -75.82339,  39.63646
 -75.81754,  39.63755
 -75.81363,  39.64001
 -75.81161,  39.64381
 -75.81092,  39.64449
 -75.81024,  39.64898
 -75.81133,  39.65349
 -75.81149,  39.65372
 -75.81464,  39.65801
 -75.81531,  39.66251
 -75.81622,  39.66701
 -75.81567,  39.67150
 -75.81123,  39.67505
 -75.80539,  39.67520
 -75.79956,  39.67400
 -75.79642,  39.67136
 -75.79379,  39.66843
 -75.79230,  39.66683
 -75.78957,  39.66232
 -75.78806,  39.66012
 -75.78419,  39.65778
 -75.78225,  39.65738
 -75.77641,  39.65760
 -75.77058,  39.65691
 -75.76474,  39.65638
 -75.76078,  39.65311
 -75.75922,  39.64860
 -75.75900,  39.64831
 -75.75317,  39.64750
 -75.74735,  39.64645
 -75.74153,  39.64504
 -75.73853,  39.64394
 -75.73572,  39.64282
 -75.73296,  39.63940
 -75.72995,  39.63730
 -75.72410,  39.63820
 -75.71825,  39.63874
 -75.71352,  39.63925
 -75.71241,  39.63934
 -75.70655,  39.64061
 -75.70513,  39.63918
 -75.70075,  39.63772
 -75.69491,  39.63821
 -75.68909,  39.63667
 -75.68562,  39.63902
 -75.68508,  39.64351
 -75.68894,  39.64695
 -75.69090,  39.64805
 -75.69473,  39.65118
 -75.69649,  39.65260
 -75.70052,  39.65417
 -75.70634,  39.65588
 -75.71189,  39.65722
 -75.71216,  39.65759
 -75.71271,  39.66172
 -75.71209,  39.66231
 -75.70624,  39.66336
 -75.70038,  39.66455
 -75.69453,  39.66492
 -75.68869,  39.66499
 -75.68289,  39.66190
 -75.68192,  39.66147
 -75.67709,  39.65909
 -75.67126,  39.65823
 -75.66541,  39.65925
 -75.65955,  39.66041
 -75.65475,  39.66124
 -75.65369,  39.66136
 -75.64783,  39.66266
 -75.64198,  39.66333
 -75.63613,  39.66413
 -75.63027,  39.66518
 -75.62901,  39.66550
 -75.62439,  39.66801
 -75.61854,  39.66855
 -75.61648,  39.66990
 -75.61264,  39.67271
 -75.60713,  39.67430
 -75.60677,  39.67445
 -75.60091,  39.67564
 -75.59505,  39.67698
 -75.58921,  39.67654
 -75.58339,  39.67536
 -75.57845,  39.67404
 -75.57757,  39.67382
 -75.57177,  39.67099
 -75.56592,  39.67168
 -75.56009,  39.67062
 -75.55421,  39.67266
 -75.54955,  39.67377
 -75.54836,  39.67411
 -75.54248,  39.67586
 -75.53695,  39.67815
 -75.53660,  39.67837
 -75.53297,  39.68261
 -75.53066,  39.68406
 -75.52731,  39.68705
 -75.52471,  39.69054
 -75.52379,  39.69151
 -75.52162,  39.69598
 -75.51874,  39.69839
 -75.51720,  39.70044
 -75.51360,  39.70490
 -75.51277,  39.70589
 -75.50876,  39.70935
 -75.50687,  39.71383
 -75.50679,  39.71400
 -75.50533,  39.71831
 -75.50285,  39.72278
 -75.50078,  39.72392
 -75.49495,  39.72298
 -75.48909,  39.72379
 -75.48322,  39.72565
 -75.47819,  39.72704
 -75.47733,  39.72746
 -75.47581,  39.72701
 -75.47151,  39.72600
 -75.46677,  39.72692
 -75.46564,  39.72726
 -75.45981,  39.73134
 -75.45972,  39.73145
 -75.45422,  39.73578
 -75.45380,  39.73595
 -75.44791,  39.73856
 -75.44537,  39.74018
 -75.44202,  39.74074
 -75.43922,  39.74012
 -75.43623,  39.73722
 -75.43285,  39.73556
 -75.43598,  39.73109
 -75.43639,  39.72819
 -75.43673,  39.72661
 -75.43644,  39.72578
 -75.43479,  39.72209
 -75.43073,  39.71759
 -75.43072,  39.71755
 -75.42523,  39.71299
 -75.42498,  39.71270
 -75.42175,  39.70846
 -75.41927,  39.70498
 -75.41840,  39.70393
 -75.41553,  39.69940
 -75.41360,  39.69535
 -75.41322,  39.69488
 -75.40996,  39.69035
 -75.40787,  39.68893
 -75.40224,  39.68577
 -75.40208,  39.68571
 -75.39629,  39.68284
 -75.39341,  39.68118
 -75.39137,  39.67666
 -75.39064,  39.67251
 -75.39046,  39.67215
 -75.39022,  39.66765
 -75.38962,  39.66315
 -75.39034,  39.65866
 -75.39033,  39.65416
 -75.39100,  39.65308
 -75.39201,  39.64968
 -75.39110,  39.64774
 -75.38850,  39.64515
 -75.38821,  39.64065
 -75.38541,  39.63903
 -75.38134,  39.63608
 -75.37965,  39.63506
 -75.37385,  39.63291
 -75.36987,  39.63596
 -75.36794,  39.63673
 -75.36555,  39.64040
 -75.36198,  39.64321
 -75.35633,  39.64479
 -75.35611,  39.64491
 -75.35026,  39.64554
 -75.34934,  39.64471
 -75.34695,  39.64019
 -75.34454,  39.63900
 -75.33952,  39.63561
 -75.33878,  39.63521
 -75.33432,  39.63106
 -75.33305,  39.62955
 -75.32721,  39.62934
 -75.32648,  39.63097
 -75.32622,  39.63546
 -75.32516,  39.63995
 -75.32419,  39.64443
 -75.32335,  39.64892
 -75.32237,  39.65340
 -75.32088,  39.65499
 -75.31886,  39.65787
 -75.32047,  39.66237
 -75.32073,  39.66250
 -75.32151,  39.66239
 -75.32662,  39.65993
 -75.33245,  39.66059
 -75.33826,  39.66224
 -75.34414,  39.66017
 -75.34998,  39.65985
 -75.35351,  39.66275
 -75.35576,  39.66357
 -75.36154,  39.66666
 -75.36273,  39.66735
 -75.36589,  39.67188
 -75.36726,  39.67318
 -75.37274,  39.67646
 -75.37302,  39.67731
 -75.37885,  39.67859
 -75.37952,  39.68103
 -75.37879,  39.68137
 -75.37294,  39.68198
 -75.36909,  39.68541
 -75.36700,  39.68704
 -75.36246,  39.68983
 -75.36110,  39.69028
 -75.35520,  39.69291
 -75.35232,  39.69422
 -75.34931,  39.69538
 -75.34345,  39.69632
 -75.33759,  39.69707
 -75.33421,  39.69851
 -75.33166,  39.70171
 -75.32580,  39.70275
 -75.32509,  39.70290
 -75.31990,  39.70527
 -75.31721,  39.70731
 -75.31649,  39.71179
 -75.31974,  39.71362
 -75.32281,  39.71637
 -75.32344,  39.72087
 -75.31994,  39.72533
 -75.31950,  39.72568
 -75.31531,  39.72977
 -75.31355,  39.73122
 -75.30829,  39.73419
 -75.30764,  39.73458
 -75.30327,  39.73862
 -75.30168,  39.74017
 -75.29583,  39.74031
 -75.28996,  39.74154
 -75.28413,  39.74031
 -75.27828,  39.74067
 -75.27264,  39.73826
 -75.27248,  39.73813
 -75.26671,  39.73462
 -75.26553,  39.73368
 -75.26179,  39.72914
 -75.26098,  39.72850
 -75.25517,  39.72659
 -75.25219,  39.72454
 -75.24940,  39.72291
 -75.24371,  39.71993
 -75.24867,  39.71550
 -75.24957,  39.71490
 -75.25159,  39.71103
 -75.25558,  39.70686
 -75.25580,  39.70658
 -75.26005,  39.70214
 -75.26157,  39.69934
 -75.26216,  39.69767
 -75.26544,  39.69321
 -75.26683,  39.68873
 -75.26766,  39.68698
 -75.26904,  39.68427
 -75.26778,  39.68155
 -75.26752,  39.67974
 -75.26786,  39.67714
 -75.26834,  39.67526
 -75.26791,  39.67483
 -75.26640,  39.67074
 -75.26447,  39.66622
 -75.26227,  39.66475
 -75.25645,  39.66327
 -75.25062,  39.66302
 -75.24481,  39.66161
 -75.23895,  39.66272
 -75.23313,  39.66140
 -75.23092,  39.66132
 -75.22729,  39.66109
 -75.22668,  39.66126
 -75.22144,  39.66158
 -75.22010,  39.66118
 -75.21568,  39.65770
 -75.21310,  39.65660
 -75.21296,  39.65210
 -75.21425,  39.64762
 -75.21593,  39.64573
 -75.21707,  39.64316
 -75.21967,  39.63869
 -75.22198,  39.63540
 -75.22269,  39.63424
 -75.22580,  39.62978
 -75.22798,  39.62767
 -75.23160,  39.62535
 -75.23392,  39.62271
 -75.23634,  39.62091
 -75.23985,  39.61819
 -75.24494,  39.61652
 -75.24574,  39.61624
 -75.25160,  39.61487
 -75.25741,  39.61634
 -75.25919,  39.61669
 -75.26321,  39.61774
 -75.26756,  39.62129
 -75.26897,  39.62189
 -75.27071,  39.62133
 -75.27488,  39.61840
 -75.27876,  39.61692
 -75.28079,  39.61469
 -75.28329,  39.61248
 -75.28671,  39.61040
 -75.29253,  39.61132
 -75.29433,  39.61261
 -75.29832,  39.61377
 -75.30415,  39.61443
 -75.30997,  39.61534
 -75.31578,  39.61632
 -75.32163,  39.61565
 -75.32574,  39.61297
 -75.32752,  39.60850
 -75.32761,  39.60830
 -75.32943,  39.60402
 -75.33042,  39.59954
 -75.33257,  39.59506
 -75.33375,  39.59277
 -75.33478,  39.59060
 -75.33535,  39.58610
 -75.33571,  39.58161
 -75.33836,  39.57714
 -75.33990,  39.57637
 -75.34577,  39.57421
 -75.35162,  39.57313
 -75.35438,  39.57282
 -75.35748,  39.57222
 -75.36330,  39.57224
 -75.36526,  39.57294
 -75.36911,  39.57382
 -75.37199,  39.57302
 -75.37498,  39.57151
 -75.38087,  39.56875
 -75.38104,  39.56862
 -75.38575,  39.56417
 -75.38666,  39.55969
 -75.38277,  39.55515
 -75.38114,  39.55440
 -75.37534,  39.55227
 -75.36951,  39.55198
 -75.36794,  39.55050
 -75.36386,  39.54595
 -75.36380,  39.54590
 -75.35805,  39.54148
 -75.35798,  39.54139
 -75.35775,  39.53688
 -75.35680,  39.53238
 -75.35680,  39.52789
 -75.35833,  39.52647
 -75.36420,  39.52483
 -75.37003,  39.52472
 -75.37585,  39.52532
 -75.38166,  39.52596
 -75.38747,  39.52680
 -75.39330,  39.52737
 -75.39913,  39.52701
 -75.40495,  39.52759
 -75.41081,  39.52586
 -75.41525,  39.52403
 -75.41669,  39.52330
 -75.42256,  39.52076
 -75.42403,  39.51962
 -75.42849,  39.51547
 -75.42919,  39.51518
 -75.43438,  39.51175
 -75.44022,  39.51126
 -75.44097,  39.51081
 -75.44610,  39.50819
 -75.45009,  39.50640
 -75.45197,  39.50568
 -75.45783,  39.50371
 -75.46254,  39.50204
 -75.46372,  39.50044
 -75.46584,  39.49757
 -75.46394,  39.49306
 -75.46391,  39.48986
 -75.46388,  39.48856
 -75.46393,  39.48827
 -75.46461,  39.48407
 -75.46625,  39.47959
 -75.46998,  39.47544
 -75.47034,  39.47514
 -75.47447,  39.47068
 -75.47589,  39.47022
 -75.48172,  39.47016
 -75.48757,  39.46858
 -75.49342,  39.46715
 -75.49477,  39.46639
 -75.49931,  39.46353
 -75.50177,  39.46196
 -75.50507,  39.45750
 -75.50523,  39.45702
 -75.50821,  39.45303
 -75.51118,  39.44943
 -75.51698,  39.45141
 -75.52277,  39.45298
 -75.52305,  39.45318
 -75.52856,  39.45544
 -75.53246,  39.45777
 -75.53433,  39.45856
 -75.53806,  39.46232
 -75.54008,  39.46334
 -75.54586,  39.46614
 -75.54881,  39.46692
 -75.55165,  39.46802
 -75.55744,  39.47034
 -75.56326,  39.47126
 -75.56424,  39.47156
 -75.56905,  39.47335
 -75.57342,  39.47165
 -75.57491,  39.47106
 -75.58079,  39.46729
 -75.58094,  39.46722
 -75.58664,  39.46594
 -75.59249,  39.46405
 -75.59833,  39.46337
 -75.59920,  39.46289
 -75.60252,  39.45843
 -75.60074,  39.45391
 -75.59890,  39.44940
 -75.60012,  39.44492
 -75.59893,  39.44040
 -75.60264,  39.43594
 -75.60464,  39.43150
 -75.60465,  39.43146
 -75.60683,  39.42698
 -75.61059,  39.42274
 -75.61084,  39.42252
 -75.61324,  39.41805
 -75.61653,  39.41489
 -75.61948,  39.41361
 -75.62238,  39.41256
 -75.62821,  39.41221
 -75.63404,  39.41153
 -75.63814,  39.40928
 -75.63990,  39.40857
 -75.64487,  39.40934
 -75.64571,  39.40954
 -75.64627,  39.40935
 -75.65156,  39.40744
 -75.65740,  39.40584
 -75.66321,  39.40665
 -75.66901,  39.40779
 -75.67174,  39.40957
 -75.67479,  39.41065
 -75.68058,  39.41288
 -75.68194,  39.41415
 -75.68427,  39.41867
 -75.68629,  39.42109
 -75.69024,  39.42321
 -75.69207,  39.42367
 -75.69675,  39.42327
 -75.69791,  39.42279
 -75.70378,  39.41907
 -75.70403,  39.41883
 -75.70379,  39.41851
 -75.69820,  39.41429
 -75.69802,  39.41419
 -75.69413,  39.40976
 -75.69812,  39.40701
 -75.70394,  39.40725
 -75.70976,  39.40681
 -75.71559,  39.40612
 -75.71714,  39.40545
 -75.72038,  39.40098
 -75.72127,  39.39649
 -75.72160,  39.39279
 -75.72737,  39.39612
 -75.72832,  39.39655
 -75.73313,  39.40061
 -75.73331,  39.40108
 -75.73312,  39.40144
 -75.72726,  39.40423
 -75.72395,  39.40550
 -75.72562,  39.41002
 -75.72718,  39.41021
 -75.73128,  39.41006
 -75.73301,  39.40973
 -75.73346,  39.41008
 -75.73882,  39.41079
 -75.74117,  39.41014
 -75.74467,  39.40807
 -75.74731,  39.41019
 -75.75045,  39.41114
 -75.75512,  39.41025
 -75.75630,  39.40837
 -75.75853,  39.40578
 -75.75636,  39.40435
 -75.75278,  39.40123
 -75.75333,  39.39674
 -75.75651,  39.39295
 -75.75717,  39.39228
 -75.75654,  39.39054
 -75.75587,  39.38777
 -75.75079,  39.38547
 -75.74551,  39.38319
 -75.74500,  39.38274
 -75.74096,  39.37866
 -75.73926,  39.37741
 -75.73347,  39.37547
 -75.72766,  39.37443
 -75.72383,  39.37852
 -75.72279,  39.38301
 -75.72168,  39.38646
 -75.71689,  39.38297
 -75.71593,  39.38111
 -75.71563,  39.37846
 -75.71603,  39.37427
 -75.71612,  39.37396
 -75.71796,  39.36948
 -75.72193,  39.36794
 -75.72775,  39.36737
 -75.73360,  39.36569
 -75.73473,  39.36512
 -75.73943,  39.36408
 -75.74525,  39.36332
 -75.75106,  39.36448
 -75.75359,  39.36527
 -75.75683,  39.36814
 -75.76131,  39.36983
 -75.76262,  39.37014
 -75.76842,  39.37113
 -75.77422,  39.37287
 -75.77872,  39.37446
 -75.78001,  39.37470
 -75.78131,  39.37447
 -75.78584,  39.37349
 -75.79166,  39.37387
 -75.79704,  39.37460
 -75.79746,  39.37477
 -75.79895,  39.37461
 -75.80328,  39.37419
 -75.80912,  39.37303
 -75.81495,  39.37160
 -75.82076,  39.37202
 -75.82135,  39.37028
 -75.82079,  39.36970
 -75.81497,  39.36987
 -75.80917,  39.36887
 -75.80334,  39.36929
 -75.79754,  39.36882
 -75.79174,  39.36686
 -75.78751,  39.36553
 -75.78595,  39.36476
 -75.78018,  39.36145
 -75.77880,  39.36097
 -75.78020,  39.35977
 -75.78201,  39.35649
 -75.78607,  39.35511
 -75.79191,  39.35357
 -75.79774,  39.35271
 -75.79980,  39.35213
 -75.80359,  39.34945
 -75.80516,  39.34767
 -75.80948,  39.34362
 -75.81011,  39.34322
 -75.81227,  39.33873
 -75.81540,  39.33477
 -75.82122,  39.33437
 -75.82586,  39.33883
 -75.82697,  39.33997
 -75.83276,  39.34135
 -75.83856,  39.34261
 -75.84317,  39.33895
 -75.84233,  39.33445
 -75.84191,  39.32996
 -75.83918,  39.32544
 -75.83877,  39.32525
 -75.83344,  39.32090
 -75.83571,  39.31642
 -75.83888,  39.31532
 -75.84470,  39.31535
 -75.84968,  39.31202
 -75.85049,  39.30753
 -75.85060,  39.30724
 -75.85641,  39.30701
 -75.86223,  39.30735
 -75.86262,  39.30761
 -75.86483,  39.31213
 -75.86796,  39.31404
 -75.87376,  39.31483
 -75.87956,  39.31564
 -75.88537,  39.31644
 -75.89119,  39.31594
 -75.89699,  39.31672
 -75.89960,  39.31686
 -75.90280,  39.31701
 -75.90861,  39.31725
 -75.91441,  39.31787
 -75.91814,  39.31698
 -75.92024,  39.31652
 -75.92607,  39.31451
 -75.93188,  39.31430
 -75.93719,  39.31710
 -75.93767,  39.31777
 -75.94347,  39.31821
 -75.94930,  39.31728
 -75.94984,  39.31718
 -75.95512,  39.31622
 -75.96095,  39.31428
 -75.96323,  39.31276
 -75.96413,  39.30827
 -75.96103,  39.30644
 -75.95523,  39.30529
 -75.95068,  39.30369
 -75.94945,  39.30257
 -75.94682,  39.30367
 -75.94362,  39.30416
 -75.93780,  39.30497
 -75.93198,  39.30496
 -75.92826,  39.30355
 -75.92622,  39.30109
 -75.92545,  39.29903
 -75.92625,  39.29794
 -75.93209,  39.29515
 -75.93783,  39.29462
 -75.93790,  39.29461
 -75.93807,  39.29462
 -75.94371,  39.29507
 -75.94950,  39.29690
 -75.95506,  39.29472
 -75.95534,  39.29465
 -75.96115,  39.29406
 -75.96697,  39.29307
 -75.97099,  39.29482
 -75.97276,  39.29552
 -75.97853,  39.29904
 -75.98438,  39.29527
 -75.98472,  39.29490
 -75.99022,  39.29247
 -75.99604,  39.29152
 -76.00184,  39.29250
 -76.00765,  39.29249
 -76.01347,  39.29221
 -76.01926,  39.29309
 -76.02509,  39.29190
 -76.03088,  39.29287
 -76.03671,  39.29209
 -76.04251,  39.29205
 -76.04832,  39.29210
 -76.05396,  39.29079
 -76.05415,  39.29068
 -76.05429,  39.29079
 -76.05994,  39.29208
 -76.06277,  39.29084
 -76.06580,  39.28749
 -76.06985,  39.28638
 -76.07162,  39.28572
 -76.07415,  39.28640
 -76.07741,  39.28788
 -76.08321,  39.28904
 -76.08903,  39.28804
 -76.09483,  39.28852
 -76.09914,  39.29102
 -76.10062,  39.29127
 -76.10202,  39.29103
 -76.10645,  39.28921
 -76.11221,  39.29108
 -76.11224,  39.29109
 -76.11805,  39.29126
 -76.11926,  39.29111
 -76.12388,  39.28922
 -76.12650,  39.29115
 -76.12967,  39.29190
 -76.13321,  39.29118
 -76.13551,  39.28807
 -76.13990,  39.28672
 -76.13553,  39.28482
 -76.13300,  39.28218
 -76.13348,  39.27769
 -76.13560,  39.27613
 -76.14142,  39.27382
 -76.14242,  39.27324
 -76.14407,  39.26875
 -76.14148,  39.26652
 -76.13569,  39.26424
 -76.13566,  39.26421
 -76.13264,  39.25970
 -76.12994,  39.25646
 -76.12412,  39.25739
 -76.11832,  39.25657
 -76.11253,  39.25567
 -76.11069,  39.25511
 -76.10674,  39.25373
 -76.10361,  39.25057
 -76.10172,  39.24607
 -76.10099,  39.24535
 -76.09518,  39.24569
 -76.09468,  39.24603
 -76.08990,  39.25051
 -76.08933,  39.25093
 -76.08350,  39.25411
 -76.07769,  39.25478
 -76.07189,  39.25325
 -76.06609,  39.25247
 -76.06028,  39.25370
 -76.05447,  39.25308
 -76.04867,  39.25360
 -76.04287,  39.25192
 -76.03708,  39.25068
 -76.03681,  39.25023
 -76.03709,  39.24993
 -76.04193,  39.24576
 -76.04293,  39.24507
 -76.04469,  39.24128
 -76.04501,  39.23679
 -76.04885,  39.23261
 -76.04948,  39.23231
 -76.05469,  39.22920
 -76.05817,  39.22786
 -76.06051,  39.22702
 -76.06631,  39.22758
 -76.07212,  39.22669
 -76.07793,  39.22620
 -76.08339,  39.22799
 -76.08372,  39.22841
 -76.08577,  39.23249
 -76.08946,  39.23589
 -76.09415,  39.23254
 -76.09530,  39.23137
 -76.09843,  39.22806
 -76.10114,  39.22704
 -76.10272,  39.22808
END
 -13.00000, -75.91147,  39.23600
 -75.91525,  39.23993
 -75.91634,  39.24052
 -75.91525,  39.24093
 -75.90940,  39.24418
 -75.90361,  39.24282
 -75.89780,  39.24242
 -75.89569,  39.24039
 -75.89786,  39.23812
 -75.90367,  39.23711
 -75.90614,  39.23596
 -75.90949,  39.23545
 -75.91147,  39.23600
END
 -13.00000, -76.13930,  39.25074
 -76.14159,  39.25180
 -76.14281,  39.25076
 -76.14160,  39.24971
 -76.13930,  39.25074
END
 -13.00000, -75.98199,  39.24992
 -75.97900,  39.25201
 -75.97320,  39.25126
 -75.96740,  39.25018
 -75.96721,  39.24983
 -75.96741,  39.24963
 -75.97322,  39.24910
 -75.97903,  39.24815
 -75.98199,  39.24992
END
 -13.00000, -75.88408,  39.24931
 -75.88609,  39.25255
 -75.89190,  39.25188
 -75.89770,  39.25273
 -75.90350,  39.25253
 -75.90929,  39.25390
 -75.90968,  39.25397
 -75.91508,  39.25521
 -75.92087,  39.25755
 -75.92667,  39.25767
 -75.93248,  39.25809
 -75.93294,  39.25861
 -75.93246,  39.26005
 -75.92663,  39.26213
 -75.92255,  39.26305
 -75.92081,  39.26313
 -75.91545,  39.26750
 -75.91495,  39.26865
 -75.91211,  39.27197
 -75.90906,  39.27554
 -75.90326,  39.27517
 -75.89745,  39.27449
 -75.89172,  39.27184
 -75.89168,  39.27179
 -75.88592,  39.26744
 -75.88574,  39.26730
 -75.88426,  39.26280
 -75.88404,  39.25830
 -75.88026,  39.25433
 -75.87897,  39.25377
 -75.87770,  39.24926
 -75.88034,  39.24702
 -75.88408,  39.24931
END
 -13.00000, -76.03127,  39.25919
 -76.03119,  39.25928
 -76.03110,  39.25919
 -76.03120,  39.25909
 -76.03127,  39.25919
END
 -13.00000, -76.23675,  39.27812
 -76.23778,  39.28262
 -76.24010,  39.28376
 -76.24405,  39.28264
 -76.24454,  39.27815
 -76.24016,  39.27470
 -76.23675,  39.27812
END
 -13.00000, -75.98287,  39.27691
 -75.98454,  39.27959
 -75.98574,  39.28142
 -75.98451,  39.28230
 -75.97868,  39.28429
 -75.97288,  39.28381
 -75.96708,  39.28278
 -75.96127,  39.28243
 -75.95959,  39.28126
 -75.96104,  39.27678
 -75.96133,  39.27660
 -75.96239,  39.27678
 -75.96712,  39.27877
 -75.97294,  39.27774
 -75.97366,  39.27685
 -75.97877,  39.27561
 -75.98287,  39.27691
END
 -13.00000, -75.92408,  39.27655
 -75.92647,  39.27760
 -75.93227,  39.27811
 -75.93465,  39.28111
 -75.93222,  39.28253
 -75.92641,  39.28237
 -75.92060,  39.28307
 -75.91481,  39.28143
 -75.91169,  39.28546
 -75.91167,  39.28996
 -75.90887,  39.29273
 -75.90672,  39.29442
 -75.90303,  39.29567
 -75.89721,  39.29652
 -75.89140,  39.29629
 -75.88559,  39.29667
 -75.87978,  39.29599
 -75.87399,  39.29502
 -75.87158,  39.29419
 -75.86819,  39.29338
 -75.86581,  39.28965
 -75.86753,  39.28517
 -75.86830,  39.28384
 -75.87292,  39.28520
 -75.87410,  39.28540
 -75.87988,  39.28760
 -75.88534,  39.28529
 -75.88572,  39.28518
 -75.89154,  39.28400
 -75.89735,  39.28360
 -75.90317,  39.28360
 -75.90898,  39.28313
 -75.91415,  39.28098
 -75.91483,  39.27934
 -75.91651,  39.27650
 -75.92067,  39.27614
 -75.92408,  39.27655
END
 -13.00000, -76.28551,  39.28728
 -76.28655,  39.28947
 -76.28910,  39.29179
 -76.28652,  39.29438
 -76.28071,  39.29439
 -76.27491,  39.29227
 -76.27202,  39.29173
 -76.27493,  39.28849
 -76.27526,  39.28725
 -76.28076,  39.28566
 -76.28551,  39.28728
END
 -13.00000, -76.13989,  39.29121
 -76.14129,  39.29165
 -76.14491,  39.29123
 -76.14131,  39.28811
 -76.13989,  39.29121
END
 -13.00000, -76.37536,  39.30103
 -76.37364,  39.30156
 -76.36783,  39.30281
 -76.36201,  39.30284
 -76.35621,  39.30196
 -76.35040,  39.30229
 -76.34894,  39.30096
 -76.35042,  39.29783
 -76.35622,  39.29887
 -76.36205,  39.29678
 -76.36785,  39.29684
 -76.37365,  39.29997
 -76.37536,  39.30103
END
 -13.00000, -76.16988,  39.30033
 -76.17027,  39.30056
 -76.17054,  39.30033
 -76.17028,  39.30017
 -76.16988,  39.30033
END
 -13.00000, -76.42155,  39.31013
 -76.42009,  39.31171
 -76.41788,  39.31012
 -76.42010,  39.30844
 -76.42155,  39.31013
END
 -13.00000, -76.39377,  39.31007
 -76.39103,  39.31254
 -76.38789,  39.31005
 -76.39105,  39.30748
 -76.39377,  39.31007
END
 -13.00000, -76.00548,  39.30851
 -76.00748,  39.31109
 -76.01328,  39.31162
 -76.01737,  39.31308
 -76.01907,  39.31327
 -76.02020,  39.31309
 -76.02492,  39.31030
 -76.03070,  39.31307
 -76.03654,  39.31012
 -76.04236,  39.30973
 -76.04278,  39.30872
 -76.04237,  39.30846
 -76.03656,  39.30804
 -76.03076,  39.30696
 -76.02494,  39.30764
 -76.01914,  39.30643
 -76.01333,  39.30610
 -76.00751,  39.30671
 -76.00548,  39.30851
END
 -13.00000, -75.84897,  39.31651
 -75.84949,  39.32101
 -75.85044,  39.32147
 -75.85184,  39.32103
 -75.85160,  39.31653
 -75.85052,  39.31469
 -75.84897,  39.31651
END
 -13.00000, -75.88883,  39.33926
 -75.89091,  39.34008
 -75.89156,  39.33929
 -75.89093,  39.33871
 -75.88883,  39.33926
END
 -13.00000, -76.35864,  39.34595
 -76.36182,  39.34657
 -76.36446,  39.35047
 -76.36533,  39.35497
 -76.36676,  39.35947
 -76.36175,  39.36349
 -76.35593,  39.36391
 -76.35583,  39.36393
 -76.35011,  39.36464
 -76.34873,  39.36391
 -76.34563,  39.35941
 -76.34434,  39.35631
 -76.34348,  39.35490
 -76.33888,  39.35040
 -76.34438,  39.34756
 -76.34669,  39.34592
 -76.35020,  39.34499
 -76.35602,  39.34543
 -76.35864,  39.34595
END
 -13.00000, -75.69909,  39.34684
 -75.70121,  39.35136
 -75.69888,  39.35253
 -75.69304,  39.35407
 -75.68723,  39.35412
 -75.68394,  39.35122
 -75.68511,  39.34673
 -75.68735,  39.34565
 -75.69316,  39.34566
 -75.69896,  39.34679
 -75.69909,  39.34684
END
 -13.00000, -76.25896,  39.36813
 -76.25822,  39.37262
 -76.26070,  39.37713
 -76.26207,  39.38163
 -76.26277,  39.38247
 -76.26329,  39.38164
 -76.26498,  39.37714
 -76.26863,  39.37517
 -76.27425,  39.37268
 -76.27337,  39.36818
 -76.26868,  39.36708
 -76.26286,  39.36742
 -76.25896,  39.36813
END
 -13.00000, -75.82578,  39.37930
 -75.82649,  39.37954
 -75.83230,  39.38016
 -75.83519,  39.37937
 -75.83231,  39.37875
 -75.82650,  39.37891
 -75.82578,  39.37930
END
 -13.00000, -76.27908,  39.39068
 -76.28017,  39.39213
 -76.28117,  39.39069
 -76.28018,  39.39000
 -76.27908,  39.39068
END
 -13.00000, -76.38382,  39.39548
 -76.38488,  39.39709
 -76.38621,  39.39998
 -76.38485,  39.40294
 -76.38388,  39.40447
 -76.37902,  39.40656
 -76.37320,  39.40716
 -76.36739,  39.40613
 -76.36448,  39.40442
 -76.36302,  39.39993
 -76.36469,  39.39543
 -76.36743,  39.39388
 -76.37326,  39.39279
 -76.37907,  39.39344
 -76.38382,  39.39548
END
 -13.00000, -75.75770,  39.41027
 -75.76208,  39.41133
 -75.76791,  39.41069
 -75.77373,  39.41128
 -75.77941,  39.41493
 -75.77950,  39.41508
 -75.78016,  39.41494
 -75.78534,  39.41359
 -75.78861,  39.41050
 -75.78538,  39.41018
 -75.77958,  39.40884
 -75.77374,  39.41005
 -75.76792,  39.40996
 -75.76213,  39.40772
 -75.75770,  39.41027
END
 -13.00000, -76.27497,  39.42215
 -76.27998,  39.42552
 -76.28233,  39.42217
 -76.28002,  39.41861
 -76.27497,  39.42215
END
 -13.00000, -75.82900,  39.41980
 -75.83181,  39.42094
 -75.83325,  39.41983
 -75.83183,  39.41931
 -75.82900,  39.41980
END
 -13.00000, -76.26163,  39.46706
 -76.26108,  39.47155
 -76.26225,  39.47254
 -76.26403,  39.47157
 -76.26384,  39.46707
 -76.26228,  39.46578
 -76.26163,  39.46706
END
 -13.00000, -76.21564,  39.47139
 -76.21565,  39.47139
 -76.22147,  39.47188
 -76.22169,  39.47141
 -76.22148,  39.47100
 -76.21565,  39.47139
 -76.21564,  39.47139
END
 -13.00000, -76.38189,  39.50788
 -76.38163,  39.51238
 -76.37857,  39.51394
 -76.37274,  39.51374
 -76.36692,  39.51367
 -76.36108,  39.51397
 -76.35526,  39.51375
 -76.34943,  39.51417
 -76.34597,  39.51229
 -76.34592,  39.50779
 -76.34946,  39.50585
 -76.35529,  39.50628
 -76.36112,  39.50608
 -76.36695,  39.50637
 -76.37278,  39.50632
 -76.37861,  39.50611
 -76.38189,  39.50788
END
 -13.00000, -76.33389,  39.50776
 -76.33389,  39.51225
 -76.33195,  39.51338
 -76.32799,  39.51224
 -76.32802,  39.50774
 -76.33198,  39.50664
 -76.33389,  39.50776
END
 -13.00000, -76.17958,  39.50722
 -76.17460,  39.51110
 -76.17215,  39.51168
 -76.17458,  39.51276
 -76.18040,  39.51562
 -76.18624,  39.51333
 -76.19207,  39.51252
 -76.19733,  39.51178
 -76.19209,  39.51105
 -76.18626,  39.51075
 -76.18106,  39.50722
 -76.18046,  39.50697
 -76.17958,  39.50722
END
 -13.00000, -76.15119,  39.50709
 -76.14851,  39.51158
 -76.15128,  39.51229
 -76.15652,  39.51162
 -76.15153,  39.50710
 -76.15131,  39.50707
 -76.15119,  39.50709
END
 -13.00000, -76.16135,  39.51163
 -76.16294,  39.51170
 -76.16366,  39.51165
 -76.16294,  39.51151
 -76.16135,  39.51163
END
 -13.00000, -76.18015,  39.52520
 -76.17593,  39.52968
 -76.17445,  39.53127
 -76.16861,  39.53318
 -76.16483,  39.52964
 -76.16282,  39.52866
 -76.15698,  39.52892
 -76.15116,  39.52816
 -76.14532,  39.52940
 -76.13950,  39.52777
 -76.13760,  39.52951
 -76.13947,  39.53184
 -76.14532,  39.53027
 -76.14795,  39.53406
 -76.15111,  39.53503
 -76.15499,  39.53858
 -76.15668,  39.54309
 -76.15688,  39.54338
 -76.16270,  39.54548
 -76.16853,  39.54501
 -76.17436,  39.54501
 -76.18019,  39.54497
 -76.18604,  39.54340
 -76.18705,  39.54321
 -76.19187,  39.54202
 -76.19450,  39.53875
 -76.19518,  39.53426
 -76.19463,  39.52976
 -76.19196,  39.52863
 -76.18614,  39.52785
 -76.18054,  39.52520
 -76.18033,  39.52505
 -76.18015,  39.52520
END
 -13.00000, -75.68822,  39.54911
 -75.69028,  39.55136
 -75.69614,  39.55002
 -75.70197,  39.55042
 -75.70593,  39.54925
 -75.70200,  39.54795
 -75.69617,  39.54770
 -75.69036,  39.54613
 -75.68822,  39.54911
END
 -13.00000, -76.00818,  39.56033
 -76.01093,  39.56207
 -76.01440,  39.56037
 -76.01096,  39.55910
 -76.00818,  39.56033
END
 -13.00000, -75.41935,  39.56004
 -75.42184,  39.56090
 -75.42250,  39.56007
 -75.42188,  39.55934
 -75.41935,  39.56004
END
 -13.00000, -76.01652,  39.56937
 -76.01669,  39.56950
 -76.02251,  39.57029
 -76.02835,  39.57048
 -76.03400,  39.56947
 -76.02838,  39.56728
 -76.02256,  39.56588
 -76.01670,  39.56829
 -76.01652,  39.56937
END
 -13.00000, -76.29072,  39.57507
 -76.29082,  39.57515
 -76.29665,  39.57522
 -76.30247,  39.57610
 -76.30651,  39.57962
 -76.30260,  39.58410
 -76.30244,  39.58416
 -76.29659,  39.58496
 -76.29076,  39.58506
 -76.28491,  39.58797
 -76.27908,  39.58759
 -76.27324,  39.58836
 -76.26741,  39.58797
 -76.26157,  39.58755
 -76.25574,  39.58716
 -76.25217,  39.58393
 -76.25079,  39.57943
 -76.25328,  39.57495
 -76.25583,  39.57262
 -76.26167,  39.57202
 -76.26750,  39.57165
 -76.27334,  39.57113
 -76.27917,  39.57206
 -76.28500,  39.57173
 -76.29072,  39.57507
END
 -13.00000, -76.15260,  39.57904
 -76.15516,  39.58355
 -76.15658,  39.58429
 -76.16241,  39.58523
 -76.16824,  39.58503
 -76.17407,  39.58489
 -76.17991,  39.58502
 -76.18575,  39.58490
 -76.19157,  39.58543
 -76.19555,  39.58822
 -76.19508,  39.59271
 -76.19151,  39.59475
 -76.18568,  39.59524
 -76.17984,  39.59513
 -76.17400,  39.59521
 -76.16817,  39.59510
 -76.16234,  39.59487
 -76.15650,  39.59447
 -76.15067,  39.59412
 -76.14782,  39.59251
 -76.14642,  39.58801
 -76.14737,  39.58352
 -76.14767,  39.57902
 -76.15079,  39.57730
 -76.15260,  39.57904
END
 -13.00000, -76.04858,  39.57854
 -76.04924,  39.58304
 -76.05155,  39.58494
 -76.05725,  39.58308
 -76.05598,  39.57858
 -76.05164,  39.57604
 -76.04858,  39.57854
END
 -13.00000, -75.96715,  39.57808
 -75.96638,  39.58257
 -75.96989,  39.58369
 -75.97570,  39.58532
 -75.98154,  39.58558
 -75.98373,  39.58267
 -75.98307,  39.57817
 -75.98162,  39.57708
 -75.97578,  39.57761
 -75.96995,  39.57733
 -75.96715,  39.57808
END
 -13.00000, -75.85798,  39.57738
 -75.85799,  39.58187
 -75.85905,  39.58218
 -75.86189,  39.58190
 -75.85984,  39.57739
 -75.85911,  39.57711
 -75.85798,  39.57738
END
 -13.00000, -75.86660,  39.58193
 -75.87070,  39.58322
 -75.87491,  39.58199
 -75.87075,  39.57935
 -75.86660,  39.58193
END
 -13.00000, -75.84134,  39.58176
 -75.84155,  39.58186
 -75.84191,  39.58176
 -75.84156,  39.58094
 -75.84134,  39.58176
END
 -13.00000, -76.10359,  39.58781
 -76.10401,  39.59095
 -76.10413,  39.59231
 -76.10981,  39.59632
 -76.11063,  39.59684
 -76.11190,  39.60134
 -76.10976,  39.60291
 -76.10782,  39.60131
 -76.10846,  39.59683
 -76.10400,  39.59253
 -76.09815,  39.59430
 -76.09232,  39.59389
 -76.08649,  39.59357
 -76.08065,  39.59396
 -76.07481,  39.59443
 -76.06897,  39.59472
 -76.06480,  39.59211
 -76.06409,  39.58761
 -76.06905,  39.58498
 -76.07489,  39.58473
 -76.08073,  39.58499
 -76.08655,  39.58598
 -76.09238,  39.58611
 -76.09822,  39.58572
 -76.10359,  39.58781
END
 -13.00000, -76.28170,  39.59753
 -76.28237,  39.60202
 -76.27898,  39.60411
 -76.27316,  39.60314
 -76.26732,  39.60283
 -76.26149,  39.60256
 -76.25565,  39.60226
 -76.24981,  39.60380
 -76.24460,  39.60189
 -76.24540,  39.59740
 -76.24986,  39.59603
 -76.25543,  39.59744
 -76.25568,  39.59866
 -76.25739,  39.59745
 -76.26152,  39.59725
 -76.26736,  39.59703
 -76.27319,  39.59685
 -76.27903,  39.59603
 -76.28170,  39.59753
END
 -13.00000, -76.23432,  39.59736
 -76.23675,  39.60186
 -76.23231,  39.60281
 -76.22648,  39.60215
 -76.22189,  39.60181
 -76.22649,  39.59952
 -76.22892,  39.59734
 -76.23235,  39.59701
 -76.23432,  39.59736
END
 -13.00000, -75.72648,  39.59888
 -75.72826,  39.60339
 -75.73041,  39.60358
 -75.73110,  39.60341
 -75.73510,  39.59895
 -75.73049,  39.59753
 -75.72648,  39.59888
END
 -13.00000, -75.71835,  39.59881
 -75.71877,  39.60137
 -75.72031,  39.59883
 -75.71880,  39.59863
 -75.71835,  39.59881
END
 -13.00000, -75.28359,  39.59899
 -75.28375,  39.60349
 -75.28095,  39.60636
 -75.27512,  39.60657
 -75.26933,  39.60368
 -75.26910,  39.60332
 -75.26806,  39.59881
 -75.26948,  39.59659
 -75.27534,  39.59532
 -75.28114,  39.59673
 -75.28359,  39.59899
END
 -13.00000, -76.02361,  39.61887
 -76.02301,  39.62337
 -76.02784,  39.62584
 -76.03368,  39.62532
 -76.03953,  39.62483
 -76.04536,  39.62426
 -76.05120,  39.62449
 -76.05704,  39.62429
 -76.06287,  39.62547
 -76.06537,  39.62809
 -76.06509,  39.63258
 -76.06279,  39.63466
 -76.05694,  39.63580
 -76.05110,  39.63557
 -76.04527,  39.63581
 -76.03943,  39.63526
 -76.03360,  39.63472
 -76.02777,  39.63351
 -76.02650,  39.63238
 -76.02573,  39.62788
 -76.02202,  39.62390
 -76.02067,  39.62336
 -76.01727,  39.61884
 -76.02208,  39.61718
 -76.02361,  39.61887
END
 -13.00000, -75.74640,  39.62152
 -75.74767,  39.62165
 -75.74846,  39.62154
 -75.74769,  39.62103
 -75.74640,  39.62152
END
 -13.00000, -75.73004,  39.62139
 -75.73016,  39.62141
 -75.73022,  39.62140
 -75.73017,  39.62135
 -75.73004,  39.62139
END
 -13.00000, -75.90565,  39.62716
 -75.90830,  39.63167
 -75.91100,  39.63327
 -75.91683,  39.63394
 -75.92265,  39.63557
 -75.92358,  39.63626
 -75.92532,  39.64078
 -75.92256,  39.64418
 -75.91813,  39.64523
 -75.91671,  39.64567
 -75.91087,  39.64548
 -75.91009,  39.64518
 -75.90527,  39.64065
 -75.90509,  39.64013
 -75.90155,  39.63612
 -75.89930,  39.63556
 -75.89346,  39.63547
 -75.88763,  39.63465
 -75.88329,  39.63151
 -75.88344,  39.62701
 -75.88776,  39.62356
 -75.89360,  39.62278
 -75.89943,  39.62416
 -75.90524,  39.62680
 -75.90565,  39.62716
END
 -13.00000, -75.71800,  39.63029
 -75.71834,  39.63242
 -75.72031,  39.63031
 -75.71840,  39.62821
 -75.71800,  39.63029
END
 -13.00000, -75.88213,  39.67646
 -75.88416,  39.68098
 -75.88124,  39.68369
 -75.87540,  39.68396
 -75.86954,  39.68427
 -75.86371,  39.68403
 -75.85786,  39.68420
 -75.85202,  39.68421
 -75.84620,  39.68272
 -75.84228,  39.68069
 -75.84626,  39.67734
 -75.84821,  39.67623
 -75.85213,  39.67543
 -75.85796,  39.67543
 -75.86381,  39.67561
 -75.86965,  39.67532
 -75.87549,  39.67567
 -75.88132,  39.67599
 -75.88213,  39.67646
END
 -13.00000, -75.78416,  39.68027
 -75.78193,  39.68221
 -75.77608,  39.68251
 -75.77023,  39.68380
 -75.76648,  39.68013
 -75.77032,  39.67604
 -75.77615,  39.67753
 -75.78198,  39.67797
 -75.78416,  39.68027
END
 -13.00000, -75.74342,  39.67995
 -75.74103,  39.68248
 -75.73521,  39.68111
 -75.72935,  39.68159
 -75.72769,  39.67983
 -75.72940,  39.67828
 -75.73524,  39.67875
 -75.74110,  39.67752
 -75.74342,  39.67995
END
 -13.00000, -75.67524,  39.67940
 -75.67200,  39.68386
 -75.67089,  39.68452
 -75.66998,  39.68385
 -75.66675,  39.67933
 -75.67101,  39.67596
 -75.67524,  39.67940
END
 -13.00000, -75.77201,  39.69816
 -75.77196,  39.70266
 -75.76997,  39.70330
 -75.76880,  39.70263
 -75.76805,  39.69813
 -75.77006,  39.69688
 -75.77201,  39.69816
END
 -13.00000, -75.81506,  39.70747
 -75.81548,  39.71197
 -75.81075,  39.71415
 -75.80492,  39.71370
 -75.79906,  39.71387
 -75.79322,  39.71353
 -75.78738,  39.71376
 -75.78152,  39.71422
 -75.77689,  39.71169
 -75.77611,  39.70719
 -75.78164,  39.70529
 -75.78748,  39.70594
 -75.79331,  39.70628
 -75.79916,  39.70593
 -75.80501,  39.70615
 -75.81086,  39.70572
 -75.81506,  39.70747
END
 -13.00000, -75.29018,  39.70700
 -75.28944,  39.71148
 -75.29053,  39.71251
 -75.29639,  39.71215
 -75.30222,  39.71252
 -75.30415,  39.71165
 -75.30347,  39.70715
 -75.30235,  39.70596
 -75.29652,  39.70548
 -75.29065,  39.70665
 -75.29018,  39.70700
END
 -13.00000, -75.15733,  39.70536
 -75.16208,  39.70572
 -75.16792,  39.70582
 -75.17374,  39.70711
 -75.17854,  39.71013
 -75.17950,  39.71104
 -75.18476,  39.71471
 -75.18524,  39.71561
 -75.18768,  39.71924
 -75.18702,  39.72373
 -75.18533,  39.72820
 -75.18497,  39.72858
 -75.18043,  39.73264
 -75.17902,  39.73335
 -75.17315,  39.73444
 -75.16731,  39.73377
 -75.16284,  39.73242
 -75.16151,  39.73166
 -75.15571,  39.72963
 -75.15228,  39.72778
 -75.14993,  39.72670
 -75.14649,  39.72322
 -75.14522,  39.71870
 -75.14515,  39.71420
 -75.14639,  39.70972
 -75.14951,  39.70527
 -75.15041,  39.70464
 -75.15624,  39.70529
 -75.15733,  39.70536
END
 -13.00000, -75.41692,  39.73089
 -75.41879,  39.73193
 -75.42461,  39.73310
 -75.42835,  39.73551
 -75.43018,  39.74002
 -75.42447,  39.74119
 -75.41860,  39.74240
 -75.41275,  39.74239
 -75.40690,  39.74263
 -75.40103,  39.74363
 -75.39521,  39.74207
 -75.38939,  39.74082
 -75.38628,  39.73956
 -75.38947,  39.73611
 -75.39059,  39.73511
 -75.39453,  39.73065
 -75.39542,  39.73039
 -75.40128,  39.73018
 -75.40716,  39.72822
 -75.41300,  39.72837
 -75.41692,  39.73089
END
 -12.00000, -76.11394,  39.30008
 -76.11217,  39.30021
 -76.11195,  39.30007
 -76.11217,  39.30000
 -76.11394,  39.30008
END
 -12.00000, -76.13641,  39.33166
 -76.14097,  39.33450
 -76.14677,  39.33498
 -76.15258,  39.33599
 -76.15334,  39.33624
 -76.15836,  39.34047
 -76.16418,  39.34035
 -76.16693,  39.33629
 -76.17003,  39.33550
 -76.17583,  39.33594
 -76.18165,  39.33611
 -76.18230,  39.33636
 -76.18542,  39.34087
 -76.18160,  39.34312
 -76.17579,  39.34292
 -76.16997,  39.34357
 -76.16417,  39.34098
 -76.15836,  39.34093
 -76.15331,  39.34523
 -76.15250,  39.34715
 -76.14668,  39.34797
 -76.14350,  39.34519
 -76.14089,  39.34435
 -76.13507,  39.34495
 -76.13401,  39.34514
 -76.12925,  39.34562
 -76.12343,  39.34669
 -76.11976,  39.34508
 -76.11764,  39.34414
 -76.11623,  39.34056
 -76.11768,  39.33876
 -76.12180,  39.33609
 -76.12352,  39.33513
 -76.12801,  39.33163
 -76.12938,  39.32955
 -76.13518,  39.33086
 -76.13641,  39.33166
END
 -12.00000, -76.10001,  39.34048
 -76.10022,  39.34089
 -76.10357,  39.34500
 -76.10597,  39.34839
 -76.10754,  39.34951
 -76.11177,  39.35014
 -76.11758,  39.35052
 -76.12339,  39.35128
 -76.12768,  39.35411
 -76.12918,  39.35465
 -76.13499,  39.35618
 -76.14079,  39.35706
 -76.14246,  39.35867
 -76.14658,  39.36090
 -76.15238,  39.36264
 -76.15768,  39.35874
 -76.15823,  39.35818
 -76.16405,  39.35835
 -76.16988,  39.35664
 -76.17471,  39.35881
 -76.17566,  39.36089
 -76.17998,  39.36333
 -76.18143,  39.36703
 -76.18726,  39.36518
 -76.19308,  39.36492
 -76.19891,  39.36379
 -76.19987,  39.36341
 -76.20359,  39.35893
 -76.20476,  39.35795
 -76.20765,  39.35445
 -76.21047,  39.34996
 -76.21062,  39.34982
 -76.21088,  39.34996
 -76.21642,  39.35398
 -76.21741,  39.35449
 -76.22221,  39.35767
 -76.22802,  39.35784
 -76.23383,  39.35893
 -76.23965,  39.35778
 -76.24077,  39.35907
 -76.23963,  39.36147
 -76.23383,  39.35929
 -76.22800,  39.36178
 -76.22218,  39.36076
 -76.21689,  39.36348
 -76.21635,  39.36363
 -76.21052,  39.36674
 -76.20825,  39.36794
 -76.20778,  39.37244
 -76.21045,  39.37660
 -76.21627,  39.37682
 -76.22209,  39.37612
 -76.22791,  39.37505
 -76.23334,  39.37703
 -76.23371,  39.37755
 -76.23509,  39.38153
 -76.23367,  39.38357
 -76.22960,  39.38601
 -76.22784,  39.38750
 -76.22513,  39.39049
 -76.22780,  39.39293
 -76.23115,  39.39501
 -76.23360,  39.39668
 -76.23793,  39.39953
 -76.23356,  39.40241
 -76.22845,  39.40399
 -76.22773,  39.40410
 -76.22191,  39.40432
 -76.21609,  39.40456
 -76.21027,  39.40527
 -76.20444,  39.40468
 -76.19863,  39.40444
 -76.19282,  39.40392
 -76.19251,  39.40385
 -76.18701,  39.40151
 -76.18578,  39.39933
 -76.18704,  39.39763
 -76.19193,  39.39486
 -76.19288,  39.39444
 -76.19567,  39.39037
 -76.19622,  39.38588
 -76.19623,  39.38138
 -76.19299,  39.37869
 -76.18717,  39.37845
 -76.18504,  39.38134
 -76.18136,  39.38582
 -76.18130,  39.38614
 -76.17548,  39.38673
 -76.17410,  39.38579
 -76.17039,  39.38128
 -76.16983,  39.37678
 -76.17558,  39.37287
 -76.17652,  39.37231
 -76.17560,  39.36915
 -76.17526,  39.36781
 -76.16980,  39.36694
 -76.16776,  39.36777
 -76.16690,  39.37227
 -76.16967,  39.37678
 -76.16883,  39.38127
 -76.16387,  39.38284
 -76.15805,  39.38335
 -76.15223,  39.38374
 -76.14642,  39.38339
 -76.14059,  39.38374
 -76.13609,  39.38113
 -76.13480,  39.38041
 -76.12900,  39.37838
 -76.12318,  39.37803
 -76.11736,  39.37821
 -76.11326,  39.38102
 -76.11731,  39.38517
 -76.11823,  39.38554
 -76.12312,  39.38715
 -76.12469,  39.39006
 -76.12888,  39.39410
 -76.13255,  39.39460
 -76.13469,  39.39503
 -76.14050,  39.39598
 -76.14629,  39.39909
 -76.14674,  39.39916
 -76.15211,  39.40004
 -76.15793,  39.39931
 -76.16373,  39.40151
 -76.16635,  39.40374
 -76.16953,  39.40533
 -76.17304,  39.40826
 -76.17529,  39.41274
 -76.17532,  39.41277
 -76.18109,  39.41557
 -76.18301,  39.41730
 -76.18296,  39.42180
 -76.18104,  39.42316
 -76.17523,  39.42206
 -76.17256,  39.42176
 -76.16942,  39.42039
 -76.16362,  39.41797
 -76.15780,  39.41780
 -76.15197,  39.41880
 -76.14851,  39.42165
 -76.14646,  39.42614
 -76.14609,  39.42712
 -76.14279,  39.43061
 -76.14604,  39.43286
 -76.14788,  39.43513
 -76.14788,  39.43963
 -76.15180,  39.44110
 -76.15281,  39.43966
 -76.15551,  39.43517
 -76.15768,  39.43472
 -76.16351,  39.43361
 -76.16933,  39.43294
 -76.17514,  39.43452
 -76.17621,  39.43526
 -76.18094,  39.43832
 -76.18360,  39.43979
 -76.18674,  39.44100
 -76.19256,  39.44187
 -76.19836,  39.44358
 -76.20419,  39.44241
 -76.20954,  39.43989
 -76.21004,  39.43916
 -76.21050,  39.43990
 -76.21468,  39.44440
 -76.21581,  39.44715
 -76.21632,  39.44891
 -76.21580,  39.44927
 -76.21232,  39.45339
 -76.20995,  39.45412
 -76.20412,  39.45341
 -76.19830,  39.45406
 -76.19247,  39.45453
 -76.18664,  39.45525
 -76.18082,  39.45572
 -76.17499,  39.45652
 -76.16917,  39.45609
 -76.16335,  39.45579
 -76.15752,  39.45541
 -76.15170,  39.45587
 -76.14587,  39.45587
 -76.14005,  39.45502
 -76.13484,  39.45306
 -76.13425,  39.45260
 -76.12845,  39.44987
 -76.12582,  39.44853
 -76.12264,  39.44796
 -76.11682,  39.44683
 -76.11102,  39.44501
 -76.10520,  39.44397
 -76.09938,  39.44418
 -76.09789,  39.44389
 -76.09359,  39.43955
 -76.09348,  39.43938
 -76.08779,  39.43731
 -76.08195,  39.43877
 -76.08091,  39.43932
 -76.08194,  39.44024
 -76.08682,  39.44384
 -76.08773,  39.44442
 -76.09273,  39.44837
 -76.09351,  39.44990
 -76.09420,  39.45287
 -76.09927,  39.45673
 -76.10077,  39.45740
 -76.10507,  39.45983
 -76.10799,  39.46193
 -76.11086,  39.46478
 -76.11294,  39.46645
 -76.11506,  39.47095
 -76.11662,  39.47245
 -76.12115,  39.47548
 -76.12241,  39.47646
 -76.12821,  39.48000
 -76.12823,  39.48001
 -76.12821,  39.48008
 -76.12628,  39.48450
 -76.12234,  39.48515
 -76.11652,  39.48615
 -76.11069,  39.48604
 -76.10485,  39.48730
 -76.09903,  39.48708
 -76.09319,  39.48815
 -76.08736,  39.48814
 -76.08154,  39.48820
 -76.07780,  39.48877
 -76.07570,  39.49022
 -76.07484,  39.48875
 -76.06989,  39.48738
 -76.06406,  39.48816
 -76.05824,  39.48691
 -76.05242,  39.48665
 -76.04660,  39.48617
 -76.04077,  39.48682
 -76.03493,  39.48817
 -76.02911,  39.48684
 -76.02409,  39.48398
 -76.02333,  39.48265
 -76.01991,  39.47946
 -76.01754,  39.47893
 -76.01540,  39.47944
 -76.01167,  39.48345
 -76.00585,  39.48242
 -76.00227,  39.47936
 -76.00006,  39.47858
 -75.99805,  39.47934
 -75.99420,  39.48219
 -75.98837,  39.48327
 -75.98503,  39.47926
 -75.98258,  39.47869
 -75.97677,  39.47766
 -75.97096,  39.47589
 -75.96513,  39.47706
 -75.95930,  39.47730
 -75.95576,  39.47909
 -75.95408,  39.48358
 -75.95920,  39.48743
 -75.96104,  39.48811
 -75.96498,  39.49147
 -75.96844,  39.48816
 -75.97085,  39.48770
 -75.97668,  39.48656
 -75.98253,  39.48473
 -75.98604,  39.48827
 -75.98421,  39.49275
 -75.98244,  39.49329
 -75.97662,  39.49337
 -75.97078,  39.49408
 -75.96495,  39.49426
 -75.95913,  39.49391
 -75.95588,  39.49258
 -75.95334,  39.49046
 -75.94751,  39.49034
 -75.94414,  39.48801
 -75.94171,  39.48753
 -75.93995,  39.48799
 -75.93587,  39.48980
 -75.93004,  39.48977
 -75.92423,  39.48817
 -75.92397,  39.48788
 -75.91843,  39.48595
 -75.91260,  39.48616
 -75.90679,  39.48441
 -75.90565,  39.48327
 -75.90205,  39.47875
 -75.90103,  39.47839
 -75.89933,  39.47873
 -75.89518,  39.48101
 -75.88936,  39.47999
 -75.88509,  39.48314
 -75.88350,  39.48355
 -75.87766,  39.48453
 -75.87207,  39.48305
 -75.87186,  39.48270
 -75.86606,  39.48027
 -75.86409,  39.47850
 -75.86026,  39.47744
 -75.85818,  39.47846
 -75.85721,  39.48294
 -75.85808,  39.48745
 -75.85880,  39.49195
 -75.86008,  39.49336
 -75.86591,  39.49303
 -75.87172,  39.49419
 -75.87753,  39.49627
 -75.87864,  39.49658
 -75.88333,  39.49826
 -75.88866,  39.50114
 -75.88912,  39.50142
 -75.89494,  39.50209
 -75.90076,  39.50363
 -75.90535,  39.50125
 -75.90663,  39.49901
 -75.91140,  39.49680
 -75.91249,  39.49623
 -75.91833,  39.49543
 -75.92313,  39.49687
 -75.92413,  39.49728
 -75.92706,  39.50139
 -75.92990,  39.50264
 -75.93574,  39.50219
 -75.94155,  39.50339
 -75.94738,  39.50314
 -75.95321,  39.50264
 -75.95905,  39.50194
 -75.96188,  39.50161
 -75.96490,  39.49968
 -75.96625,  39.50163
 -75.97069,  39.50340
 -75.97650,  39.50477
 -75.98233,  39.50494
 -75.98817,  39.50322
 -75.99010,  39.50177
 -75.99390,  39.49730
 -75.99406,  39.49717
 -75.99991,  39.49489
 -76.00575,  39.49305
 -76.00647,  39.49287
 -76.01160,  39.49048
 -76.01743,  39.49065
 -76.02326,  39.48959
 -76.02908,  39.49027
 -76.03493,  39.48871
 -76.04073,  39.49035
 -76.04655,  39.49087
 -76.05154,  39.49312
 -76.05236,  39.49329
 -76.05818,  39.49397
 -76.06401,  39.49417
 -76.06982,  39.49521
 -76.07565,  39.49620
 -76.08147,  39.49707
 -76.08265,  39.49778
 -76.08144,  39.50050
 -76.07560,  39.50180
 -76.07545,  39.50224
 -76.06975,  39.50463
 -76.06390,  39.50597
 -76.05807,  39.50630
 -76.05348,  39.50662
 -76.05225,  39.50682
 -76.04639,  39.50954
 -76.04368,  39.51106
 -76.04605,  39.51558
 -76.04612,  39.52007
 -76.04629,  39.52134
 -76.04809,  39.52458
 -76.05206,  39.52744
 -76.05789,  39.52704
 -76.06373,  39.52646
 -76.06957,  39.52524
 -76.07538,  39.52786
 -76.08120,  39.52864
 -76.08222,  39.52925
 -76.08118,  39.53045
 -76.07535,  39.53085
 -76.07027,  39.53369
 -76.06950,  39.53380
 -76.06870,  39.53368
 -76.06369,  39.53118
 -76.05786,  39.53080
 -76.05204,  39.53002
 -76.04621,  39.52967
 -76.04354,  39.52906
 -76.04040,  39.52809
 -76.03770,  39.52902
 -76.03455,  39.52963
 -76.03250,  39.52900
 -76.02873,  39.52833
 -76.02666,  39.52896
 -76.02288,  39.53092
 -76.01706,  39.53033
 -76.01543,  39.52890
 -76.01126,  39.52685
 -76.00545,  39.52528
 -76.00377,  39.52433
 -75.99965,  39.52171
 -75.99686,  39.51980
 -75.99388,  39.51576
 -75.99302,  39.51529
 -75.98808,  39.51349
 -75.98224,  39.51409
 -75.97642,  39.51341
 -75.97059,  39.51316
 -75.96475,  39.51375
 -75.96047,  39.51509
 -75.95891,  39.51543
 -75.95307,  39.51656
 -75.94724,  39.51719
 -75.94141,  39.51693
 -75.93556,  39.51837
 -75.92974,  39.51755
 -75.92444,  39.51936
 -75.92389,  39.51997
 -75.92072,  39.51934
 -75.91807,  39.51901
 -75.91225,  39.51892
 -75.90967,  39.51927
 -75.90639,  39.52135
 -75.90198,  39.52371
 -75.90544,  39.52824
 -75.90283,  39.53271
 -75.90042,  39.53369
 -75.89788,  39.53268
 -75.89465,  39.52912
 -75.89236,  39.52815
 -75.88885,  39.52633
 -75.88756,  39.52812
 -75.88417,  39.53259
 -75.88293,  39.53359
 -75.87855,  39.53705
 -75.87701,  39.54130
 -75.87695,  39.54153
 -75.87701,  39.54164
 -75.88228,  39.54607
 -75.88279,  39.54636
 -75.88443,  39.55058
 -75.88272,  39.55253
 -75.87688,  39.55285
 -75.87493,  39.55051
 -75.87338,  39.54601
 -75.87115,  39.54491
 -75.86705,  39.54147
 -75.86537,  39.53952
 -75.86297,  39.53695
 -75.85959,  39.53590
 -75.85377,  39.53509
 -75.84794,  39.53471
 -75.84210,  39.53522
 -75.83627,  39.53564
 -75.83399,  39.53674
 -75.83368,  39.54123
 -75.83616,  39.54485
 -75.83701,  39.54576
 -75.84193,  39.54953
 -75.84287,  39.55029
 -75.84772,  39.55314
 -75.85354,  39.55453
 -75.85434,  39.55487
 -75.85934,  39.55675
 -75.86240,  39.55942
 -75.85928,  39.56232
 -75.85343,  39.56334
 -75.85058,  39.56384
 -75.84760,  39.56410
 -75.84176,  39.56404
 -75.84097,  39.56377
 -75.83596,  39.56112
 -75.83414,  39.55923
 -75.83019,  39.55590
 -75.82436,  39.55550
 -75.82028,  39.55463
 -75.81855,  39.55432
 -75.81475,  39.55009
 -75.81722,  39.54562
 -75.81845,  39.54112
 -75.81872,  39.54066
 -75.82458,  39.53829
 -75.82723,  39.53669
 -75.83044,  39.53491
 -75.83303,  39.53224
 -75.83125,  39.52773
 -75.83054,  39.52731
 -75.82472,  39.52626
 -75.81890,  39.52506
 -75.81307,  39.52526
 -75.80760,  39.52306
 -75.80727,  39.52286
 -75.80511,  39.51855
 -75.80155,  39.51435
 -75.80010,  39.51402
 -75.79574,  39.51281
 -75.79078,  39.51395
 -75.78989,  39.51416
 -75.78748,  39.51392
 -75.78407,  39.51367
 -75.77825,  39.51329
 -75.77473,  39.50933
 -75.77248,  39.50837
 -75.76669,  39.50564
 -75.76545,  39.50476
 -75.76154,  39.50023
 -75.76151,  39.49574
 -75.76686,  39.49252
 -75.77270,  39.49170
 -75.77851,  39.49259
 -75.78321,  39.49141
 -75.78439,  39.48903
 -75.78579,  39.48693
 -75.78442,  39.48557
 -75.77930,  39.48238
 -75.77866,  39.48046
 -75.77805,  39.47787
 -75.77871,  39.47712
 -75.78457,  39.47439
 -75.79040,  39.47381
 -75.79474,  39.47350
 -75.79623,  39.47335
 -75.80206,  39.47347
 -75.80791,  39.47129
 -75.81375,  39.46975
 -75.81593,  39.46916
 -75.81377,  39.46832
 -75.80797,  39.46623
 -75.80271,  39.46457
 -75.80217,  39.46441
 -75.79636,  39.46349
 -75.79053,  39.46397
 -75.78661,  39.45995
 -75.78706,  39.45546
 -75.78904,  39.45098
 -75.78843,  39.44648
 -75.78873,  39.44198
 -75.78915,  39.43749
 -75.79088,  39.43577
 -75.79494,  39.43303
 -75.79675,  39.43238
 -75.80258,  39.43079
 -75.80553,  39.42862
 -75.80844,  39.42775
 -75.81158,  39.42866
 -75.81423,  39.43029
 -75.81826,  39.43320
 -75.82001,  39.43420
 -75.82580,  39.43688
 -75.83161,  39.43766
 -75.83744,  39.43735
 -75.84326,  39.43728
 -75.84908,  39.43692
 -75.85082,  39.43794
 -75.85397,  39.44245
 -75.85483,  39.44363
 -75.86062,  39.44652
 -75.86132,  39.44700
 -75.86555,  39.45153
 -75.86638,  39.45191
 -75.87220,  39.45246
 -75.87423,  39.45159
 -75.87808,  39.44720
 -75.87818,  39.44712
 -75.88203,  39.44264
 -75.88399,  39.43987
 -75.88490,  39.43817
 -75.88969,  39.43370
 -75.88988,  39.43338
 -75.89178,  39.42922
 -75.89371,  39.42474
 -75.89394,  39.42024
 -75.89589,  39.41678
 -75.89757,  39.41577
 -75.90173,  39.41481
 -75.90755,  39.41431
 -75.91338,  39.41315
 -75.91922,  39.41221
 -75.92049,  39.41142
 -75.92188,  39.40693
 -75.91931,  39.40312
 -75.91725,  39.40240
 -75.91529,  39.39790
 -75.91938,  39.39665
 -75.92127,  39.39794
 -75.92515,  39.40162
 -75.92697,  39.40247
 -75.93095,  39.40281
 -75.93165,  39.40250
 -75.93533,  39.39803
 -75.93684,  39.39709
 -75.94266,  39.39654
 -75.94848,  39.39662
 -75.95430,  39.39620
 -75.96014,  39.39426
 -75.96130,  39.39369
 -75.96599,  39.39094
 -75.96855,  39.38923
 -75.97184,  39.38829
 -75.97765,  39.38842
 -75.98347,  39.38845
 -75.98930,  39.38662
 -75.99512,  39.38697
 -76.00095,  39.38524
 -76.00200,  39.38493
 -76.00509,  39.38046
 -76.00685,  39.37713
 -76.01057,  39.37599
 -76.01268,  39.37539
 -76.01430,  39.37601
 -76.01671,  39.38052
 -76.01498,  39.38501
 -76.01316,  39.38949
 -76.01834,  39.39234
 -76.02418,  39.39086
 -76.02622,  39.38956
 -76.03002,  39.38734
 -76.03584,  39.38828
 -76.04166,  39.38705
 -76.04749,  39.38670
 -76.05222,  39.38521
 -76.05332,  39.38488
 -76.05915,  39.38346
 -76.06316,  39.38077
 -76.06502,  39.37788
 -76.07028,  39.37631
 -76.07085,  39.37613
 -76.07095,  39.37631
 -76.07263,  39.38082
 -76.07659,  39.38465
 -76.07812,  39.38534
 -76.08238,  39.38775
 -76.08380,  39.38987
 -76.08817,  39.39198
 -76.09398,  39.39241
 -76.09979,  39.39367
 -76.10561,  39.39265
 -76.11145,  39.39103
 -76.11233,  39.39001
 -76.11149,  39.38580
 -76.11119,  39.38551
 -76.10568,  39.38390
 -76.09987,  39.38379
 -76.09407,  39.38145
 -76.09030,  39.38091
 -76.08827,  39.37946
 -76.08768,  39.37640
 -76.08319,  39.37188
 -76.08253,  39.37084
 -76.07672,  39.36934
 -76.07205,  39.36732
 -76.07092,  39.36707
 -76.06887,  39.36731
 -76.06509,  39.36886
 -76.06288,  39.36728
 -76.05930,  39.36582
 -76.05723,  39.36275
 -76.05653,  39.35825
 -76.05939,  39.35637
 -76.06522,  39.35484
 -76.06864,  39.35382
 -76.07104,  39.35289
 -76.07687,  39.35163
 -76.08269,  39.35143
 -76.08850,  39.35118
 -76.09060,  39.34943
 -76.08853,  39.34823
 -76.08273,  39.34716
 -76.07692,  39.34551
 -76.07504,  39.34486
 -76.07114,  39.34232
 -76.07004,  39.34033
 -76.07116,  39.33982
 -76.07698,  39.33834
 -76.08280,  39.33776
 -76.08862,  39.33665
 -76.09443,  39.33792
 -76.10001,  39.34048
END
 -12.00000, -75.96422,  39.35773
 -75.96284,  39.36222
 -75.96045,  39.36344
 -75.95675,  39.36218
 -75.95469,  39.35802
 -75.95420,  39.35767
 -75.95470,  39.35748
 -75.96055,  39.35393
 -75.96422,  39.35773
END
 -12.00000, -75.92126,  39.36196
 -75.91975,  39.36238
 -75.91781,  39.36194
 -75.91979,  39.35826
 -75.92126,  39.36196
END
 -12.00000, -76.03075,  39.37160
 -76.03017,  39.37195
 -76.02857,  39.37159
 -76.03018,  39.37049
 -76.03075,  39.37160
END
 -12.00000, -75.85179,  39.37049
 -75.84985,  39.37120
 -75.84866,  39.37047
 -75.84988,  39.36935
 -75.85179,  39.37049
END
 -12.00000, -75.88799,  39.40671
 -75.89013,  39.41093
 -75.89027,  39.41122
 -75.89013,  39.41137
 -75.88514,  39.41568
 -75.88425,  39.41637
 -75.87842,  39.41764
 -75.87633,  39.41563
 -75.87264,  39.41367
 -75.86684,  39.41204
 -75.86394,  39.41105
 -75.86688,  39.40816
 -75.86829,  39.40658
 -75.87274,  39.40481
 -75.87859,  39.40271
 -75.88439,  39.40349
 -75.88799,  39.40671
END
 -12.00000, -75.84956,  39.41095
 -75.84939,  39.41099
 -75.84924,  39.41095
 -75.84939,  39.41088
 -75.84956,  39.41095
END
 -12.00000, -75.98177,  39.42079
 -75.98315,  39.42091
 -75.98350,  39.42080
 -75.98315,  39.42070
 -75.98177,  39.42079
END
 -12.00000, -76.23244,  39.43098
 -76.22755,  39.43182
 -76.22596,  39.43096
 -76.22757,  39.42880
 -76.23244,  39.43098
END
 -12.00000, -76.20529,  39.43088
 -76.20426,  39.43209
 -76.19844,  39.43271
 -76.19749,  39.43085
 -76.19846,  39.42910
 -76.20428,  39.43044
 -76.20529,  39.43088
END
 -12.00000, -75.99848,  39.42988
 -76.00053,  39.43050
 -76.00211,  39.42990
 -76.00054,  39.42887
 -75.99848,  39.42988
END
 -12.00000, -75.81612,  39.44668
 -75.81402,  39.44768
 -75.80820,  39.44772
 -75.80550,  39.45110
 -75.80813,  39.45319
 -75.81395,  39.45331
 -75.81977,  39.45390
 -75.82261,  39.45123
 -75.82133,  39.44672
 -75.81986,  39.44609
 -75.81612,  39.44668
END
 -12.00000, -75.95632,  39.45211
 -75.95955,  39.45279
 -75.95997,  39.45214
 -75.95957,  39.45048
 -75.95632,  39.45211
END
 -12.00000, -75.94220,  39.45652
 -75.94475,  39.46104
 -75.94781,  39.46195
 -75.95253,  39.46109
 -75.95365,  39.45982
 -75.95633,  39.45661
 -75.95372,  39.45274
 -75.94790,  39.45287
 -75.94220,  39.45652
END
 -12.00000, -76.16970,  39.47120
 -76.16905,  39.47158
 -76.16837,  39.47120
 -76.16907,  39.46976
 -76.16970,  39.47120
END
 -12.00000, -75.76904,  39.46881
 -75.76716,  39.46917
 -75.76665,  39.46879
 -75.76717,  39.46870
 -75.76904,  39.46881
END
 -12.00000, -75.89977,  39.51921
 -75.90055,  39.52179
 -75.90253,  39.51922
 -75.90058,  39.51898
 -75.89977,  39.51921
END
 -12.00000, -75.76591,  39.51825
 -75.76244,  39.52272
 -75.76064,  39.52319
 -75.75744,  39.52268
 -75.75484,  39.52026
 -75.75135,  39.52264
 -75.74898,  39.52293
 -75.74773,  39.52261
 -75.74564,  39.51809
 -75.74905,  39.51687
 -75.75488,  39.51732
 -75.76073,  39.51624
 -75.76591,  39.51825
END
 -12.00000, -75.79046,  39.54092
 -75.79535,  39.54401
 -75.79750,  39.54547
 -75.80115,  39.54697
 -75.80444,  39.55002
 -75.80108,  39.55200
 -75.79526,  39.55161
 -75.78941,  39.55230
 -75.78360,  39.55079
 -75.77778,  39.54991
 -75.77744,  39.54982
 -75.77632,  39.54531
 -75.77500,  39.54080
 -75.77792,  39.53843
 -75.78376,  39.53824
 -75.78957,  39.54019
 -75.79046,  39.54092
END
 -12.00000, -76.06958,  39.56066
 -76.06927,  39.56080
 -76.06895,  39.56066
 -76.06927,  39.56033
 -76.06958,  39.56066
END
 -12.00000, -76.11039,  39.56985
 -76.11002,  39.57020
 -76.10941,  39.56985
 -76.11002,  39.56954
 -76.11039,  39.56985
END
 -12.00000, -75.90167,  39.56868
 -75.90002,  39.57061
 -75.89804,  39.56865
 -75.90005,  39.56800
 -75.90167,  39.56868
END
 -12.00000, -75.87254,  39.56848
 -75.87086,  39.56913
 -75.87020,  39.56847
 -75.87088,  39.56786
 -75.87254,  39.56848
END
 -12.00000, -75.88397,  39.60003
 -75.88217,  39.60094
 -75.87634,  39.60025
 -75.87051,  39.60062
 -75.86938,  39.59993
 -75.87052,  39.59921
 -75.87635,  39.59967
 -75.88219,  39.59892
 -75.88397,  39.60003
END
END
