 -13.00000, -76.06071,  39.25486
 -76.06451,  39.25937
 -76.06223,  39.26385
 -76.06018,  39.26488
 -76.05799,  39.26383
 -76.05572,  39.25932
 -76.05997,  39.25485
 -76.06027,  39.25468
 -76.06071,  39.25486
END
 -13.00000, -75.57339,  39.25130
 -75.57828,  39.25496
 -75.57964,  39.25586
 -75.58401,  39.25990
 -75.58440,  39.26040
 -75.58546,  39.26490
 -75.58729,  39.26942
 -75.58811,  39.27392
 -75.58702,  39.27841
 -75.58604,  39.28290
 -75.58359,  39.28690
 -75.58333,  39.28737
 -75.58113,  39.29185
 -75.57893,  39.29632
 -75.57761,  39.29812
 -75.57682,  39.30080
 -75.57755,  39.30190
 -75.58334,  39.30323
 -75.58914,  39.30378
 -75.59493,  39.30493
 -75.59749,  39.30548
 -75.60073,  39.30605
 -75.60654,  39.30636
 -75.61235,  39.30613
 -75.61447,  39.30564
 -75.61819,  39.30452
 -75.62388,  39.30123
 -75.62405,  39.30115
 -75.62990,  39.29845
 -75.63203,  39.29681
 -75.63576,  39.29523
 -75.64159,  39.29359
 -75.64643,  39.29243
 -75.64742,  39.29203
 -75.65324,  39.29116
 -75.65907,  39.29061
 -75.66486,  39.29116
 -75.67066,  39.29208
 -75.67082,  39.29264
 -75.67065,  39.29304
 -75.66917,  39.29713
 -75.67009,  39.30163
 -75.67052,  39.30201
 -75.67634,  39.30194
 -75.68213,  39.30288
 -75.68793,  39.30349
 -75.69376,  39.30240
 -75.69956,  39.30322
 -75.70535,  39.30446
 -75.70774,  39.30645
 -75.70876,  39.31096
 -75.70581,  39.31542
 -75.70518,  39.31662
 -75.70116,  39.31988
 -75.70512,  39.32164
 -75.71092,  39.32253
 -75.71674,  39.32166
 -75.72256,  39.32143
 -75.72487,  39.32008
 -75.72833,  39.31561
 -75.72845,  39.31553
 -75.73428,  39.31417
 -75.74010,  39.31376
 -75.74210,  39.31122
 -75.74120,  39.30672
 -75.74020,  39.30571
 -75.73444,  39.30222
 -75.73428,  39.30216
 -75.72868,  39.29870
 -75.72411,  39.30208
 -75.72281,  39.30279
 -75.71700,  39.30304
 -75.71611,  39.30202
 -75.71478,  39.29751
 -75.71431,  39.29301
 -75.71363,  39.28851
 -75.71140,  39.28727
 -75.70560,  39.28640
 -75.70316,  39.28393
 -75.70159,  39.27942
 -75.70460,  39.27494
 -75.70577,  39.27386
 -75.71159,  39.27308
 -75.71738,  39.27464
 -75.71802,  39.27505
 -75.72104,  39.27957
 -75.72311,  39.28105
 -75.72887,  39.28412
 -75.72889,  39.28413
 -75.73463,  39.28846
 -75.73479,  39.28868
 -75.73674,  39.29319
 -75.74035,  39.29514
 -75.74496,  39.29775
 -75.74610,  39.29923
 -75.75188,  39.30162
 -75.75769,  39.30159
 -75.76293,  39.29789
 -75.75779,  39.29420
 -75.75710,  39.29335
 -75.75652,  39.28885
 -75.75787,  39.28774
 -75.76275,  39.28890
 -75.76365,  39.29018
 -75.76480,  39.29341
 -75.76940,  39.29468
 -75.77419,  39.29348
 -75.77524,  39.29306
 -75.78053,  39.29353
 -75.78104,  39.29355
 -75.78115,  39.29353
 -75.78455,  39.28907
 -75.78694,  39.28646
 -75.79131,  39.28462
 -75.79278,  39.28389
 -75.79620,  39.28016
 -75.79868,  39.27685
 -75.80320,  39.28021
 -75.80397,  39.28471
 -75.80438,  39.28544
 -75.80622,  39.28923
 -75.80431,  39.29094
 -75.80054,  39.29368
 -75.79846,  39.29429
 -75.79265,  39.29473
 -75.78681,  39.29629
 -75.78607,  39.29807
 -75.78543,  39.30256
 -75.78088,  39.30572
 -75.77664,  39.30699
 -75.77504,  39.30826
 -75.77096,  39.31145
 -75.76917,  39.31363
 -75.76783,  39.31591
 -75.76640,  39.32040
 -75.76904,  39.32367
 -75.77484,  39.32374
 -75.78065,  39.32376
 -75.78516,  39.32054
 -75.78654,  39.31846
 -75.78960,  39.31608
 -75.79240,  39.31392
 -75.79430,  39.31162
 -75.79649,  39.30714
 -75.79832,  39.30606
 -75.80412,  39.30654
 -75.80993,  39.30693
 -75.81575,  39.30618
 -75.82156,  39.30558
 -75.82462,  39.30735
 -75.82633,  39.31186
 -75.82729,  39.31340
 -75.83200,  39.31639
 -75.83305,  39.31719
 -75.83501,  39.32091
 -75.83878,  39.32471
 -75.84049,  39.32545
 -75.84454,  39.32902
 -75.84528,  39.32998
 -75.84552,  39.33447
 -75.85027,  39.33578
 -75.85608,  39.33647
 -75.86189,  39.33631
 -75.86771,  39.33598
 -75.87292,  39.33466
 -75.87354,  39.33445
 -75.87939,  39.33153
 -75.88230,  39.33472
 -75.88457,  39.33924
 -75.88426,  39.34373
 -75.88210,  39.34822
 -75.88126,  39.35271
 -75.87939,  39.35719
 -75.87909,  39.35809
 -75.87813,  39.36168
 -75.87318,  39.36581
 -75.87220,  39.36613
 -75.86734,  39.36821
 -75.86610,  39.37059
 -75.86729,  39.37300
 -75.87303,  39.37513
 -75.87308,  39.37516
 -75.87331,  39.37514
 -75.87891,  39.37412
 -75.87973,  39.37068
 -75.88041,  39.36619
 -75.88484,  39.36363
 -75.89066,  39.36365
 -75.89442,  39.36179
 -75.89653,  39.35831
 -75.89820,  39.35732
 -75.90237,  39.35572
 -75.90818,  39.35673
 -75.90986,  39.35290
 -75.91116,  39.34841
 -75.90828,  39.34768
 -75.90282,  39.34386
 -75.90252,  39.34230
 -75.90160,  39.33935
 -75.90257,  39.33873
 -75.90842,  39.33505
 -75.90862,  39.33490
 -75.91158,  39.33043
 -75.91302,  39.32594
 -75.91435,  39.32386
 -75.92019,  39.32150
 -75.92023,  39.32149
 -75.92603,  39.31884
 -75.93182,  39.32129
 -75.93440,  39.32158
 -75.93761,  39.32230
 -75.93898,  39.32610
 -75.93841,  39.33060
 -75.94333,  39.33199
 -75.94912,  39.33390
 -75.95268,  39.33518
 -75.95490,  39.33735
 -75.95691,  39.33970
 -75.96065,  39.34377
 -75.96415,  39.33974
 -75.96652,  39.33781
 -75.97235,  39.33675
 -75.97815,  39.33815
 -75.98362,  39.33986
 -75.98348,  39.34436
 -75.98261,  39.34885
 -75.97996,  39.35333
 -75.97799,  39.35433
 -75.97436,  39.35780
 -75.97355,  39.36229
 -75.97517,  39.36679
 -75.97580,  39.37129
 -75.97414,  39.37578
 -75.97384,  39.38028
 -75.97769,  39.38451
 -75.98353,  39.38285
 -75.98522,  39.38034
 -75.98897,  39.37587
 -75.98941,  39.37571
 -75.99527,  39.37189
 -76.00108,  39.37173
 -76.00155,  39.37144
 -76.00255,  39.36695
 -76.00697,  39.36436
 -76.01279,  39.36312
 -76.01862,  39.36259
 -76.01984,  39.36255
 -76.02444,  39.36201
 -76.02534,  39.36258
 -76.02908,  39.36710
 -76.02960,  39.37160
 -76.02869,  39.37609
 -76.02427,  39.38036
 -76.01898,  39.38054
 -76.01846,  39.38057
 -76.01842,  39.38053
 -76.01266,  39.37821
 -76.00733,  39.38047
 -76.01034,  39.38498
 -76.01168,  39.38948
 -76.00900,  39.39397
 -76.00668,  39.39548
 -76.00520,  39.39844
 -76.00450,  39.40293
 -76.00075,  39.40706
 -76.00027,  39.40740
 -76.00072,  39.40950
 -76.00654,  39.41007
 -76.01141,  39.41196
 -76.01234,  39.41211
 -76.01273,  39.41198
 -76.01462,  39.40749
 -76.01595,  39.40300
 -76.01627,  39.39850
 -76.01831,  39.39594
 -76.02414,  39.39447
 -76.02462,  39.39406
 -76.02571,  39.38956
 -76.02651,  39.38507
 -76.03007,  39.38284
 -76.03287,  39.38511
 -76.03468,  39.38961
 -76.03580,  39.39141
 -76.04162,  39.39230
 -76.04488,  39.38966
 -76.04749,  39.38696
 -76.05329,  39.38757
 -76.05444,  39.38972
 -76.05907,  39.39270
 -76.06488,  39.39389
 -76.06554,  39.39427
 -76.07067,  39.39701
 -76.07451,  39.39882
 -76.07571,  39.40332
 -76.07461,  39.40781
 -76.07354,  39.41230
 -76.07052,  39.41441
 -76.06516,  39.41225
 -76.06472,  39.41182
 -76.06065,  39.40773
 -76.05894,  39.40722
 -76.05313,  39.40660
 -76.04731,  39.40653
 -76.04527,  39.40765
 -76.04299,  39.41214
 -76.04143,  39.41342
 -76.03559,  39.41492
 -76.02977,  39.41558
 -76.02395,  39.41575
 -76.01958,  39.41651
 -76.01811,  39.41689
 -76.01707,  39.42099
 -76.01624,  39.42548
 -76.01335,  39.42996
 -76.01215,  39.43275
 -76.00647,  39.43442
 -76.00631,  39.43455
 -76.00598,  39.43442
 -76.00051,  39.43206
 -75.99979,  39.43438
 -75.99599,  39.43886
 -75.99545,  39.44335
 -76.00037,  39.44598
 -76.00254,  39.44789
 -76.00572,  39.45240
 -76.00613,  39.45259
 -76.01195,  39.45378
 -76.01569,  39.45246
 -76.01781,  39.44958
 -76.02364,  39.44908
 -76.02457,  39.44801
 -76.02949,  39.44650
 -76.03531,  39.44629
 -76.04113,  39.44634
 -76.04273,  39.44811
 -76.04257,  39.45261
 -76.04106,  39.45378
 -76.03525,  39.45277
 -76.02942,  39.45341
 -76.02531,  39.45701
 -76.02504,  39.46151
 -76.02419,  39.46600
 -76.02403,  39.47049
 -76.02343,  39.47184
 -76.02184,  39.47498
 -76.01759,  39.47945
 -76.01753,  39.47950
 -76.01393,  39.48392
 -76.01166,  39.48484
 -76.00584,  39.48408
 -76.00504,  39.48388
 -76.00005,  39.48055
 -75.99732,  39.47934
 -75.99424,  39.47843
 -75.99136,  39.47480
 -75.98975,  39.47030
 -75.98852,  39.46798
 -75.98293,  39.46576
 -75.98271,  39.46572
 -75.98266,  39.46576
 -75.97687,  39.46816
 -75.97103,  39.46901
 -75.96520,  39.46956
 -75.95938,  39.46929
 -75.95356,  39.46901
 -75.94773,  39.46892
 -75.94189,  39.46992
 -75.94151,  39.47001
 -75.93603,  39.47415
 -75.93565,  39.47446
 -75.93415,  39.47895
 -75.93594,  39.48285
 -75.93649,  39.48347
 -75.94173,  39.48584
 -75.94757,  39.48469
 -75.95339,  39.48495
 -75.95836,  39.48810
 -75.95915,  39.49131
 -75.96032,  39.49261
 -75.96263,  39.49712
 -75.96147,  39.50161
 -75.95903,  39.50325
 -75.95322,  39.50233
 -75.94737,  39.50362
 -75.94544,  39.50601
 -75.94473,  39.51050
 -75.94144,  39.51455
 -75.94043,  39.51497
 -75.93694,  39.51944
 -75.93554,  39.52086
 -75.93308,  39.52391
 -75.92966,  39.52542
 -75.92557,  39.52837
 -75.92376,  39.53194
 -75.92265,  39.53284
 -75.91790,  39.53511
 -75.91208,  39.53431
 -75.90625,  39.53387
 -75.90041,  39.53439
 -75.89459,  39.53399
 -75.88875,  39.53492
 -75.88342,  39.53708
 -75.88289,  39.53747
 -75.88064,  39.53706
 -75.87707,  39.53671
 -75.87331,  39.53252
 -75.87243,  39.52802
 -75.87135,  39.52622
 -75.86823,  39.52349
 -75.86560,  39.51952
 -75.86529,  39.51897
 -75.86240,  39.51446
 -75.86042,  39.50995
 -75.85989,  39.50951
 -75.85925,  39.50994
 -75.85426,  39.51440
 -75.85400,  39.51451
 -75.84815,  39.51660
 -75.84232,  39.51742
 -75.83647,  39.51837
 -75.83064,  39.51853
 -75.83007,  39.51873
 -75.83063,  39.51992
 -75.83642,  39.52293
 -75.83654,  39.52327
 -75.84222,  39.52502
 -75.84526,  39.52783
 -75.84515,  39.53232
 -75.84210,  39.53495
 -75.83730,  39.53676
 -75.83624,  39.53754
 -75.83195,  39.54122
 -75.83035,  39.54239
 -75.82504,  39.54567
 -75.82448,  39.54653
 -75.82227,  39.55015
 -75.82036,  39.55463
 -75.81852,  39.55657
 -75.81651,  39.55910
 -75.81281,  39.56357
 -75.81260,  39.56363
 -75.81047,  39.56355
 -75.80677,  39.56334
 -75.80095,  39.56238
 -75.79778,  39.55896
 -75.80102,  39.55722
 -75.80474,  39.55452
 -75.80595,  39.55003
 -75.80697,  39.54774
 -75.80971,  39.54556
 -75.81286,  39.54242
 -75.81374,  39.54109
 -75.81492,  39.53660
 -75.81298,  39.53275
 -75.81072,  39.53208
 -75.80717,  39.53150
 -75.80469,  39.52754
 -75.80139,  39.52673
 -75.79556,  39.52704
 -75.78974,  39.52604
 -75.78739,  39.52741
 -75.78442,  39.53188
 -75.78383,  39.53276
 -75.78040,  39.53635
 -75.77793,  39.53827
 -75.77698,  39.54082
 -75.77784,  39.54512
 -75.77806,  39.54533
 -75.77783,  39.54620
 -75.77196,  39.54950
 -75.77142,  39.54977
 -75.76608,  39.55342
 -75.76496,  39.55422
 -75.76021,  39.55562
 -75.75438,  39.55540
 -75.74857,  39.55411
 -75.74272,  39.55529
 -75.74138,  39.55404
 -75.73696,  39.54974
 -75.73686,  39.54950
 -75.73697,  39.54940
 -75.74281,  39.54801
 -75.74865,  39.54772
 -75.75241,  39.54513
 -75.75454,  39.54361
 -75.76040,  39.54119
 -75.76074,  39.54070
 -75.76044,  39.53758
 -75.75900,  39.53618
 -75.75465,  39.53479
 -75.74880,  39.53600
 -75.74703,  39.53609
 -75.74297,  39.53661
 -75.73981,  39.53603
 -75.73715,  39.53568
 -75.73135,  39.53389
 -75.72897,  39.53595
 -75.72543,  39.53989
 -75.72516,  39.54041
 -75.72186,  39.54488
 -75.71952,  39.54564
 -75.71820,  39.54486
 -75.71529,  39.54033
 -75.71378,  39.53943
 -75.70795,  39.53880
 -75.70325,  39.54023
 -75.70208,  39.54184
 -75.69945,  39.54470
 -75.69617,  39.54729
 -75.69032,  39.54846
 -75.68869,  39.54911
 -75.68513,  39.55358
 -75.68441,  39.55458
 -75.67854,  39.55729
 -75.67283,  39.55797
 -75.67270,  39.55802
 -75.66683,  39.56035
 -75.66461,  39.56239
 -75.66108,  39.56686
 -75.66088,  39.56848
 -75.65507,  39.56694
 -75.65482,  39.56681
 -75.64927,  39.56483
 -75.64346,  39.56262
 -75.64205,  39.56220
 -75.63766,  39.56054
 -75.63428,  39.55764
 -75.63190,  39.55571
 -75.62609,  39.55429
 -75.62025,  39.55540
 -75.61440,  39.55628
 -75.60857,  39.55605
 -75.60273,  39.55652
 -75.59690,  39.55651
 -75.59107,  39.55606
 -75.58975,  39.55724
 -75.58629,  39.56170
 -75.58514,  39.56247
 -75.58200,  39.56615
 -75.57921,  39.56881
 -75.57748,  39.57061
 -75.57330,  39.57357
 -75.56979,  39.57504
 -75.56743,  39.57608
 -75.56158,  39.57715
 -75.55572,  39.57855
 -75.54990,  39.57765
 -75.54406,  39.57793
 -75.53827,  39.57540
 -75.53686,  39.57472
 -75.53248,  39.57264
 -75.52725,  39.57014
 -75.52670,  39.56905
 -75.52565,  39.56562
 -75.52503,  39.56112
 -75.52166,  39.55659
 -75.52108,  39.55622
 -75.51530,  39.55338
 -75.50948,  39.55204
 -75.50364,  39.55316
 -75.49779,  39.55432
 -75.49193,  39.55573
 -75.48920,  39.55627
 -75.48607,  39.55714
 -75.48023,  39.55755
 -75.47478,  39.56062
 -75.47433,  39.56137
 -75.47202,  39.56509
 -75.46838,  39.56813
 -75.46684,  39.56953
 -75.46249,  39.57205
 -75.45663,  39.57316
 -75.45338,  39.57389
 -75.45078,  39.57432
 -75.44869,  39.57384
 -75.44498,  39.57242
 -75.44044,  39.56926
 -75.43964,  39.56475
 -75.43929,  39.56427
 -75.43729,  39.56023
 -75.43794,  39.55574
 -75.43700,  39.55124
 -75.43510,  39.54672
 -75.43378,  39.54539
 -75.42917,  39.54216
 -75.42802,  39.54144
 -75.42513,  39.53762
 -75.42229,  39.53616
 -75.41649,  39.53463
 -75.41068,  39.53337
 -75.40868,  39.53295
 -75.40488,  39.53192
 -75.39910,  39.52889
 -75.39877,  39.52834
 -75.39333,  39.52536
 -75.39191,  39.52378
 -75.38758,  39.52114
 -75.38193,  39.51917
 -75.38179,  39.51914
 -75.38170,  39.51917
 -75.37593,  39.52041
 -75.37009,  39.52152
 -75.36423,  39.52246
 -75.36207,  39.52345
 -75.35837,  39.52455
 -75.35470,  39.52786
 -75.35381,  39.53235
 -75.35311,  39.53683
 -75.35342,  39.54134
 -75.35216,  39.54469
 -75.35104,  39.54581
 -75.34625,  39.55025
 -75.34622,  39.55026
 -75.34193,  39.55470
 -75.34029,  39.55540
 -75.33568,  39.55912
 -75.33435,  39.56108
 -75.33152,  39.56357
 -75.32841,  39.56704
 -75.32760,  39.56802
 -75.32571,  39.57250
 -75.32242,  39.57484
 -75.31656,  39.57645
 -75.31072,  39.57630
 -75.30848,  39.57680
 -75.30486,  39.57819
 -75.29901,  39.57843
 -75.29317,  39.57852
 -75.28737,  39.57716
 -75.28637,  39.57654
 -75.28158,  39.57516
 -75.27577,  39.57347
 -75.26997,  39.57239
 -75.26834,  39.57183
 -75.26418,  39.56957
 -75.25979,  39.56723
 -75.25842,  39.56610
 -75.25265,  39.56306
 -75.25171,  39.56264
 -75.24686,  39.56106
 -75.24393,  39.55804
 -75.24110,  39.55706
 -75.23749,  39.55797
 -75.23522,  39.55962
 -75.23025,  39.56238
 -75.22931,  39.56334
 -75.22693,  39.56684
 -75.22520,  39.57131
 -75.22327,  39.57369
 -75.22038,  39.57574
 -75.21735,  39.57750
 -75.21175,  39.58014
 -75.21146,  39.58035
 -75.20663,  39.58457
 -75.20550,  39.58614
 -75.20381,  39.58904
 -75.20099,  39.59349
 -75.19949,  39.59468
 -75.19360,  39.59731
 -75.18912,  39.59784
 -75.18774,  39.59814
 -75.18671,  39.59781
 -75.18193,  39.59692
 -75.17609,  39.59697
 -75.17028,  39.59760
 -75.17081,  39.60211
 -75.17575,  39.60667
 -75.17588,  39.60707
 -75.17706,  39.61118
 -75.17792,  39.61569
 -75.17901,  39.62020
 -75.17855,  39.62469
 -75.17983,  39.62920
 -75.17983,  39.63370
 -75.18113,  39.63473
 -75.18437,  39.63826
 -75.18130,  39.64271
 -75.18095,  39.64281
 -75.18057,  39.64270
 -75.17519,  39.63951
 -75.17255,  39.63811
 -75.16940,  39.63678
 -75.16399,  39.63350
 -75.16364,  39.63324
 -75.15787,  39.63003
 -75.15661,  39.62891
 -75.15211,  39.62627
 -75.14889,  39.62431
 -75.14635,  39.62278
 -75.14389,  39.61975
 -75.14065,  39.61668
 -75.13851,  39.61518
 -75.13531,  39.61065
 -75.13495,  39.61032
 -75.12920,  39.60611
 -75.12887,  39.60606
 -75.12338,  39.60525
 -75.11760,  39.60310
 -75.11476,  39.60138
 -75.11184,  39.59947
 -75.10606,  39.59718
 -75.10516,  39.59676
 -75.10027,  39.59504
 -75.09444,  39.59475
 -75.08858,  39.59541
 -75.08607,  39.59650
 -75.08267,  39.59879
 -75.07680,  39.60067
 -75.07651,  39.60087
 -75.07088,  39.60422
 -75.06821,  39.60525
 -75.06496,  39.60743
 -75.05912,  39.60791
 -75.05340,  39.60955
 -75.05325,  39.60958
 -75.05266,  39.60954
 -75.04742,  39.60870
 -75.04165,  39.60610
 -75.03928,  39.60486
 -75.03591,  39.60184
 -75.03450,  39.60029
 -75.03019,  39.59710
 -75.02529,  39.59566
 -75.02439,  39.59531
 -75.01856,  39.59521
 -75.01781,  39.59556
 -75.01466,  39.60001
 -75.01644,  39.60454
 -75.01743,  39.60905
 -75.01818,  39.61110
 -75.01962,  39.61358
 -75.02039,  39.61808
 -75.01966,  39.62257
 -75.01785,  39.62510
 -75.01675,  39.62703
 -75.01501,  39.63150
 -75.01178,  39.63494
 -75.00976,  39.63593
 -75.00587,  39.63804
 -75.00278,  39.64032
 -74.99992,  39.64239
 -74.99412,  39.64105
 -74.98827,  39.64161
 -74.98616,  39.64008
 -74.98256,  39.63609
 -74.98199,  39.63553
 -74.98081,  39.63102
 -74.97849,  39.62648
 -74.97701,  39.62386
 -74.97598,  39.62195
 -74.97563,  39.61745
 -74.97594,  39.61296
 -74.97562,  39.60845
 -74.97469,  39.60394
 -74.97327,  39.59942
 -74.97179,  39.59835
 -74.96598,  39.59755
 -74.96018,  39.59576
 -74.95432,  39.59686
 -74.94846,  39.59777
 -74.94694,  39.59904
 -74.94675,  39.60354
 -74.94608,  39.60802
 -74.94678,  39.61253
 -74.94805,  39.61445
 -74.95122,  39.61710
 -74.95375,  39.62000
 -74.95488,  39.62165
 -74.95776,  39.62618
 -74.95806,  39.63068
 -74.95924,  39.63435
 -74.95961,  39.63520
 -74.95918,  39.63663
 -74.95832,  39.63968
 -74.95323,  39.64122
 -74.94736,  39.64231
 -74.94440,  39.64398
 -74.94141,  39.64671
 -74.93684,  39.64836
 -74.93552,  39.64891
 -74.93357,  39.64832
 -74.92973,  39.64675
 -74.92602,  39.64371
 -74.92406,  39.64026
 -74.92339,  39.63917
 -74.92249,  39.63466
 -74.92166,  39.63015
 -74.92010,  39.62563
 -74.91862,  39.62396
 -74.91532,  39.62106
 -74.91291,  39.61904
 -74.90852,  39.61646
 -74.90715,  39.61576
 -74.90276,  39.61188
 -74.90148,  39.60921
 -74.90018,  39.60734
 -74.89629,  39.60279
 -74.89582,  39.60222
 -74.89279,  39.59824
 -74.89014,  39.59620
 -74.88427,  39.59744
 -74.87843,  39.59792
 -74.87830,  39.59801
 -74.87797,  39.60251
 -74.87827,  39.60364
 -74.87949,  39.60703
 -74.87911,  39.61152
 -74.87997,  39.61604
 -74.87864,  39.62051
 -74.87923,  39.62501
 -74.87763,  39.62862
 -74.87649,  39.62947
 -74.87174,  39.63079
 -74.86587,  39.63200
 -74.85999,  39.63352
 -74.85416,  39.63339
 -74.84850,  39.63354
 -74.84831,  39.63354
 -74.84829,  39.63354
 -74.84255,  39.63035
 -74.83675,  39.62903
 -74.83646,  39.62885
 -74.83099,  39.62624
 -74.82754,  39.62422
 -74.82525,  39.62247
 -74.82173,  39.61963
 -74.82066,  39.61512
 -74.81964,  39.61369
 -74.81673,  39.61056
 -74.81400,  39.60603
 -74.81399,  39.60601
 -74.81170,  39.60148
 -74.81286,  39.59700
 -74.81429,  39.59561
 -74.82018,  39.59356
 -74.82279,  39.59266
 -74.82607,  39.59118
 -74.83195,  39.58930
 -74.83316,  39.58833
 -74.83792,  39.58439
 -74.83833,  39.58391
 -74.84083,  39.57945
 -74.84389,  39.57500
 -74.84401,  39.57481
 -74.84622,  39.57054
 -74.84710,  39.56606
 -74.84967,  39.56160
 -74.84952,  39.55710
 -74.85042,  39.55268
 -74.85043,  39.55262
 -74.85082,  39.54813
 -74.85056,  39.54736
 -74.84908,  39.54360
 -74.84956,  39.53911
 -74.84671,  39.53457
 -74.84517,  39.53025
 -74.84501,  39.53004
 -74.84015,  39.52547
 -74.83948,  39.52509
 -74.83403,  39.52088
 -74.83379,  39.51950
 -74.83288,  39.51637
 -74.83395,  39.51370
 -74.83545,  39.51191
 -74.83933,  39.50747
 -74.83995,  39.50699
 -74.84338,  39.50304
 -74.84599,  39.49874
 -74.84611,  39.49858
 -74.84823,  39.49412
 -74.85130,  39.48967
 -74.85083,  39.48516
 -74.85223,  39.48278
 -74.85309,  39.48071
 -74.85287,  39.47620
 -74.85427,  39.47173
 -74.85541,  39.46725
 -74.85853,  39.46478
 -74.86440,  39.46298
 -74.87021,  39.46372
 -74.87601,  39.46445
 -74.88180,  39.46605
 -74.88507,  39.46770
 -74.88751,  39.47040
 -74.89331,  39.47157
 -74.89913,  39.47166
 -74.90499,  39.47039
 -74.91087,  39.46849
 -74.91120,  39.46809
 -74.91678,  39.46485
 -74.91811,  39.46370
 -74.92273,  39.45974
 -74.92298,  39.45927
 -74.92276,  39.45854
 -74.91994,  39.45473
 -74.91859,  39.45022
 -74.91812,  39.44571
 -74.91731,  39.44343
 -74.91656,  39.44119
 -74.91740,  39.44017
 -74.92258,  39.43679
 -74.92331,  39.43650
 -74.92921,  39.43376
 -74.93158,  39.43242
 -74.93510,  39.43066
 -74.93955,  39.42804
 -74.94100,  39.42748
 -74.94688,  39.42498
 -74.94984,  39.42369
 -74.95277,  39.42245
 -74.95867,  39.41941
 -74.95930,  39.41933
 -74.96452,  39.41813
 -74.96877,  39.41498
 -74.97044,  39.41439
 -74.97600,  39.41059
 -74.97636,  39.41026
 -74.98227,  39.40633
 -74.98236,  39.40618
 -74.98777,  39.40176
 -74.98823,  39.40061
 -74.99410,  39.39822
 -74.99989,  39.39959
 -75.00504,  39.39751
 -75.00577,  39.39734
 -75.01164,  39.39481
 -75.01353,  39.39313
 -75.01610,  39.38867
 -75.01764,  39.38726
 -75.02351,  39.38540
 -75.02871,  39.38435
 -75.02935,  39.38424
 -75.03060,  39.38438
 -75.03516,  39.38480
 -75.04096,  39.38545
 -75.04523,  39.38458
 -75.04681,  39.38398
 -75.05267,  39.38201
 -75.05850,  39.38149
 -75.06078,  39.38030
 -75.06443,  39.37687
 -75.06617,  39.37587
 -75.07033,  39.37319
 -75.07336,  39.37148
 -75.07625,  39.36888
 -75.07998,  39.36707
 -75.08212,  39.36628
 -75.08797,  39.36507
 -75.09380,  39.36433
 -75.09962,  39.36425
 -75.10102,  39.36285
 -75.10272,  39.35838
 -75.10564,  39.35498
 -75.10634,  39.35393
 -75.11156,  39.35057
 -75.11246,  39.34951
 -75.11649,  39.34507
 -75.11750,  39.34467
 -75.12338,  39.34176
 -75.12633,  39.34070
 -75.12926,  39.33888
 -75.13195,  39.33628
 -75.13520,  39.33311
 -75.13721,  39.33185
 -75.14033,  39.32739
 -75.14116,  39.32634
 -75.14589,  39.32297
 -75.14707,  39.32190
 -75.15295,  39.31924
 -75.15396,  39.31858
 -75.15884,  39.31556
 -75.16071,  39.31417
 -75.16474,  39.31105
 -75.16703,  39.30975
 -75.17068,  39.30560
 -75.17648,  39.30602
 -75.18229,  39.30585
 -75.18732,  39.30552
 -75.18811,  39.30548
 -75.18867,  39.30553
 -75.19392,  39.30592
 -75.19972,  39.30629
 -75.20550,  39.30782
 -75.20963,  39.31029
 -75.21124,  39.31151
 -75.21669,  39.31487
 -75.21697,  39.31510
 -75.22272,  39.31823
 -75.22774,  39.31951
 -75.22850,  39.31968
 -75.23074,  39.31955
 -75.23433,  39.31908
 -75.23676,  39.31512
 -75.24029,  39.31175
 -75.24116,  39.31068
 -75.24083,  39.30618
 -75.24284,  39.30170
 -75.24429,  39.29723
 -75.24644,  39.29484
 -75.24846,  39.29278
 -75.25236,  39.28999
 -75.25367,  39.28835
 -75.25825,  39.28579
 -75.26192,  39.28395
 -75.26412,  39.28268
 -75.26994,  39.27955
 -75.27000,  39.27945
 -75.27023,  39.27955
 -75.27579,  39.28020
 -75.28160,  39.28010
 -75.28273,  39.27970
 -75.28739,  39.27526
 -75.28751,  39.27521
 -75.29337,  39.27228
 -75.29566,  39.27086
 -75.29925,  39.26900
 -75.30508,  39.26758
 -75.30801,  39.26651
 -75.31093,  39.26580
 -75.31674,  39.26540
 -75.32256,  39.26487
 -75.32838,  39.26462
 -75.33418,  39.26493
 -75.33997,  39.26547
 -75.34351,  39.26691
 -75.34572,  39.26882
 -75.34933,  39.27148
 -75.35099,  39.27599
 -75.35139,  39.27652
 -75.35329,  39.28051
 -75.35568,  39.28504
 -75.35697,  39.28823
 -75.35799,  39.28956
 -75.36269,  39.29351
 -75.36349,  39.29412
 -75.36844,  39.29662
 -75.37421,  39.29871
 -75.38003,  39.29840
 -75.38136,  39.29882
 -75.38580,  39.30043
 -75.39163,  39.29943
 -75.39227,  39.29893
 -75.39751,  39.29596
 -75.40185,  39.29454
 -75.40336,  39.29379
 -75.40918,  39.29313
 -75.41470,  39.29018
 -75.41505,  39.29006
 -75.42091,  39.28728
 -75.42136,  39.28576
 -75.42432,  39.28129
 -75.42557,  39.27681
 -75.42696,  39.27322
 -75.42743,  39.27233
 -75.43196,  39.26788
 -75.43288,  39.26743
 -75.43872,  39.26506
 -75.44308,  39.26350
 -75.44457,  39.26283
 -75.45040,  39.26140
 -75.45621,  39.26145
 -75.46201,  39.26192
 -75.46780,  39.26286
 -75.47117,  39.26379
 -75.47358,  39.26450
 -75.47934,  39.26748
 -75.48003,  39.26838
 -75.48118,  39.27289
 -75.48149,  39.27739
 -75.48238,  39.28189
 -75.48484,  39.28582
 -75.48530,  39.28642
 -75.48898,  39.29095
 -75.49055,  39.29200
 -75.49254,  39.29099
 -75.49641,  39.28900
 -75.50224,  39.28798
 -75.50600,  39.28663
 -75.50807,  39.28621
 -75.51390,  39.28498
 -75.51972,  39.28413
 -75.52439,  39.28231
 -75.52558,  39.28137
 -75.53143,  39.27850
 -75.53181,  39.27789
 -75.53577,  39.27343
 -75.53739,  39.26966
 -75.53791,  39.26896
 -75.54328,  39.26456
 -75.54332,  39.26451
 -75.54794,  39.26006
 -75.54918,  39.25871
 -75.55325,  39.25561
 -75.55508,  39.25327
 -75.56071,  39.25119
 -75.56091,  39.25112
 -75.56674,  39.24991
 -75.57253,  39.25070
 -75.57339,  39.25130
END
 -13.00000, -75.84413,  39.25802
 -75.84412,  39.26252
 -75.83949,  39.26461
 -75.83442,  39.26245
 -75.83544,  39.25796
 -75.83958,  39.25624
 -75.84413,  39.25802
END
 -13.00000, -75.76994,  39.27996
 -75.76958,  39.28048
 -75.76927,  39.27995
 -75.76960,  39.27956
 -75.76994,  39.27996
END
 -13.00000, -75.93830,  39.29462
 -75.94369,  39.29720
 -75.94479,  39.29916
 -75.94364,  39.30209
 -75.94207,  39.30364
 -75.93780,  39.30505
 -75.93198,  39.30524
 -75.92617,  39.30521
 -75.92036,  39.30482
 -75.91939,  39.30349
 -75.91892,  39.29899
 -75.92044,  39.29754
 -75.92627,  39.29582
 -75.93209,  39.29483
 -75.93622,  39.29461
 -75.93790,  39.29445
 -75.93830,  39.29462
END
 -13.00000, -75.97489,  39.29934
 -75.97269,  39.30225
 -75.96786,  39.30379
 -75.96687,  39.30401
 -75.96105,  39.30431
 -75.96052,  39.30375
 -75.95933,  39.29925
 -75.96111,  39.29782
 -75.96693,  39.29704
 -75.97274,  39.29749
 -75.97489,  39.29934
END
 -13.00000, -76.04940,  39.30875
 -76.04816,  39.31069
 -76.04697,  39.30874
 -76.04818,  39.30816
 -76.04940,  39.30875
END
 -13.00000, -76.02548,  39.31312
 -76.02794,  39.31763
 -76.02809,  39.32213
 -76.02696,  39.32662
 -76.02473,  39.33014
 -76.02384,  39.33110
 -76.01888,  39.33528
 -76.01811,  39.33556
 -76.01303,  39.33855
 -76.00883,  39.34000
 -76.00719,  39.34176
 -76.00331,  39.34447
 -76.00449,  39.34897
 -76.00220,  39.35346
 -76.00125,  39.35411
 -75.99946,  39.35344
 -75.99618,  39.34893
 -75.99905,  39.34445
 -76.00136,  39.34295
 -76.00494,  39.33998
 -76.00298,  39.33548
 -76.00349,  39.33098
 -76.00422,  39.32649
 -76.00736,  39.32277
 -76.00801,  39.32201
 -76.01025,  39.31753
 -76.01325,  39.31466
 -76.01908,  39.31317
 -76.02197,  39.31310
 -76.02489,  39.31277
 -76.02548,  39.31312
END
 -13.00000, -75.75039,  39.32028
 -75.75163,  39.32082
 -75.75217,  39.32029
 -75.75165,  39.31962
 -75.75039,  39.32028
END
 -13.00000, -76.18215,  39.32737
 -76.18250,  39.33186
 -76.18167,  39.33260
 -76.17984,  39.33186
 -76.18092,  39.32736
 -76.18171,  39.32703
 -76.18215,  39.32737
END
 -13.00000, -75.82565,  39.32534
 -75.82311,  39.32982
 -75.82707,  39.33130
 -75.83288,  39.33143
 -75.83503,  39.32990
 -75.83483,  39.32541
 -75.83296,  39.32473
 -75.82714,  39.32500
 -75.82565,  39.32534
END
 -13.00000, -75.08833,  39.31771
 -75.08900,  39.31924
 -75.08978,  39.32223
 -75.09035,  39.32673
 -75.08975,  39.33122
 -75.08870,  39.33260
 -75.08291,  39.33165
 -75.08035,  39.33109
 -75.07713,  39.33011
 -75.07404,  39.32651
 -75.07285,  39.32200
 -75.07480,  39.31753
 -75.07745,  39.31624
 -75.08326,  39.31594
 -75.08833,  39.31771
END
 -13.00000, -76.09067,  39.34044
 -76.08858,  39.34147
 -76.08760,  39.34042
 -76.08861,  39.33903
 -76.09067,  39.34044
END
 -13.00000, -75.99087,  39.33990
 -75.98975,  39.34055
 -75.98505,  39.33987
 -75.98976,  39.33945
 -75.99087,  39.33990
END
 -13.00000, -75.93150,  39.33954
 -75.92612,  39.34401
 -75.92576,  39.34414
 -75.91991,  39.34779
 -75.91709,  39.34845
 -75.91989,  39.34941
 -75.92570,  39.35017
 -75.92981,  39.35303
 -75.93147,  39.35380
 -75.93729,  39.35328
 -75.94311,  39.35330
 -75.94891,  39.35428
 -75.95470,  39.35660
 -75.96024,  39.35321
 -75.95933,  39.34871
 -75.95483,  39.34454
 -75.94901,  39.34562
 -75.94318,  39.34692
 -75.93736,  39.34656
 -75.93272,  39.34405
 -75.93169,  39.33955
 -75.93163,  39.33949
 -75.93150,  39.33954
END
 -13.00000, -75.83773,  39.33892
 -75.83858,  39.34110
 -75.84441,  39.33996
 -75.84619,  39.33897
 -75.84446,  39.33521
 -75.83863,  39.33661
 -75.83773,  39.33892
END
 -13.00000, -75.80780,  39.33870
 -75.80795,  39.34320
 -75.80946,  39.34490
 -75.81081,  39.34322
 -75.81326,  39.33874
 -75.80958,  39.33557
 -75.80780,  39.33870
END
 -13.00000, -75.76801,  39.33840
 -75.76875,  39.34291
 -75.76878,  39.34293
 -75.76881,  39.34291
 -75.77090,  39.33842
 -75.76885,  39.33779
 -75.76801,  39.33840
END
 -13.00000, -75.79751,  39.34762
 -75.79565,  39.35210
 -75.79771,  39.35465
 -75.80353,  39.35441
 -75.80571,  39.35218
 -75.80534,  39.34768
 -75.80363,  39.34677
 -75.79780,  39.34745
 -75.79751,  39.34762
END
 -13.00000, -75.95519,  39.35768
 -75.95627,  39.36218
 -75.96043,  39.36485
 -75.96529,  39.36224
 -75.96506,  39.35774
 -75.96056,  39.35329
 -75.95519,  39.35768
END
 -13.00000, -75.81758,  39.36126
 -75.82088,  39.36251
 -75.82182,  39.36129
 -75.82092,  39.35912
 -75.81758,  39.36126
END
 -13.00000, -75.94861,  39.37113
 -75.94874,  39.37123
 -75.94895,  39.37113
 -75.94875,  39.37086
 -75.94861,  39.37113
END
 -13.00000, -74.99036,  39.36132
 -74.99225,  39.36584
 -74.99165,  39.37033
 -74.98889,  39.37287
 -74.98483,  39.37473
 -74.98298,  39.37678
 -74.97943,  39.37915
 -74.97709,  39.37973
 -74.97126,  39.38043
 -74.96628,  39.37896
 -74.96551,  39.37751
 -74.96527,  39.37445
 -74.96569,  39.37002
 -74.96570,  39.36996
 -74.96995,  39.36552
 -74.97164,  39.36459
 -74.97546,  39.36111
 -74.97758,  39.35944
 -74.98341,  39.35920
 -74.98919,  39.36059
 -74.99036,  39.36132
END
 -13.00000, -76.10275,  39.37647
 -76.10287,  39.38097
 -76.09986,  39.38441
 -76.09763,  39.38544
 -76.09402,  39.38685
 -76.08821,  39.38645
 -76.08572,  39.38538
 -76.08298,  39.38087
 -76.08325,  39.37637
 -76.08832,  39.37355
 -76.09415,  39.37267
 -76.09995,  39.37342
 -76.10275,  39.37647
END
 -13.00000, -76.07254,  39.38082
 -76.07079,  39.38198
 -76.06499,  39.38084
 -76.05916,  39.38241
 -76.05785,  39.38074
 -76.05919,  39.37851
 -76.06499,  39.38068
 -76.07082,  39.37866
 -76.07254,  39.38082
END
 -13.00000, -75.84845,  39.37946
 -75.84880,  39.38396
 -75.84639,  39.38844
 -75.84962,  39.39099
 -75.85547,  39.38866
 -75.85670,  39.38852
 -75.85549,  39.38670
 -75.85325,  39.38399
 -75.85239,  39.37949
 -75.84978,  39.37773
 -75.84845,  39.37946
END
 -13.00000, -75.96916,  39.38924
 -75.97179,  39.39262
 -75.97363,  39.38927
 -75.97187,  39.38501
 -75.96916,  39.38924
END
 -13.00000, -75.91939,  39.38893
 -75.91946,  39.38900
 -75.91949,  39.38893
 -75.91946,  39.38890
 -75.91939,  39.38893
END
 -13.00000, -75.80773,  39.38816
 -75.80666,  39.39265
 -75.80400,  39.39713
 -75.80444,  39.40163
 -75.80874,  39.40379
 -75.81078,  39.40168
 -75.81087,  39.39718
 -75.81103,  39.39269
 -75.81065,  39.38818
 -75.80894,  39.38721
 -75.80773,  39.38816
END
 -13.00000, -76.02657,  39.39856
 -76.02989,  39.40199
 -76.03182,  39.39859
 -76.02995,  39.39616
 -76.02657,  39.39856
END
 -13.00000, -75.97748,  39.39828
 -75.97755,  39.39842
 -75.97802,  39.39828
 -75.97755,  39.39817
 -75.97748,  39.39828
END
 -13.00000, -76.15838,  39.40820
 -76.15786,  39.40886
 -76.15765,  39.40820
 -76.15787,  39.40796
 -76.15838,  39.40820
END
 -13.00000, -75.88734,  39.41121
 -75.89012,  39.41151
 -75.89043,  39.41122
 -75.89014,  39.41028
 -75.88734,  39.41121
END
 -13.00000, -75.87835,  39.41114
 -75.87849,  39.41150
 -75.88021,  39.41116
 -75.87849,  39.41097
 -75.87835,  39.41114
END
 -13.00000, -75.93382,  39.42050
 -75.93657,  39.42263
 -75.94055,  39.42504
 -75.94236,  39.42566
 -75.94474,  39.42956
 -75.94810,  39.43355
 -75.95130,  39.43409
 -75.95391,  39.43465
 -75.95972,  39.43622
 -75.96519,  39.43868
 -75.96551,  39.43874
 -75.97133,  39.43904
 -75.97254,  39.43872
 -75.97135,  39.43716
 -75.96664,  39.43419
 -75.96813,  39.42970
 -75.97144,  39.42768
 -75.97726,  39.42526
 -75.97729,  39.42524
 -75.97889,  39.42077
 -75.97735,  39.41950
 -75.97155,  39.41669
 -75.96572,  39.41787
 -75.95989,  39.41858
 -75.95408,  39.41761
 -75.94827,  39.41635
 -75.94245,  39.41691
 -75.93661,  39.41851
 -75.93382,  39.42050
END
 -13.00000, -75.91854,  39.42040
 -75.91912,  39.42102
 -75.92200,  39.42043
 -75.91914,  39.41973
 -75.91854,  39.42040
END
 -13.00000, -76.07989,  39.42582
 -76.08205,  39.42795
 -76.08372,  39.43034
 -76.08201,  39.43206
 -76.07889,  39.43481
 -76.07615,  39.43676
 -76.07032,  39.43798
 -76.06451,  39.43695
 -76.06131,  39.43472
 -76.05874,  39.43080
 -76.05344,  39.43468
 -76.05288,  39.43485
 -76.04704,  39.43622
 -76.04121,  39.43712
 -76.03540,  39.43606
 -76.03407,  39.43457
 -76.03176,  39.43007
 -76.03549,  39.42610
 -76.03625,  39.42559
 -76.04133,  39.42408
 -76.04716,  39.42381
 -76.05297,  39.42417
 -76.05860,  39.42571
 -76.05878,  39.42641
 -76.05887,  39.42571
 -76.06463,  39.42237
 -76.07044,  39.42311
 -76.07626,  39.42397
 -76.07989,  39.42582
END
 -13.00000, -76.11339,  39.43947
 -76.11103,  39.44316
 -76.10706,  39.43944
 -76.11108,  39.43690
 -76.11339,  39.43947
END
 -13.00000, -76.07285,  39.44827
 -76.07282,  39.45277
 -76.07144,  39.45725
 -76.07130,  39.46175
 -76.07010,  39.46385
 -76.06798,  39.46623
 -76.06423,  39.46870
 -76.05841,  39.46784
 -76.05595,  39.46617
 -76.05264,  39.46248
 -76.05182,  39.46165
 -76.05190,  39.45715
 -76.05269,  39.45674
 -76.05854,  39.45326
 -76.06078,  39.45270
 -76.06439,  39.45013
 -76.06631,  39.44824
 -76.07025,  39.44561
 -76.07285,  39.44827
END
 -13.00000, -75.92870,  39.44745
 -75.92563,  39.45192
 -75.92460,  39.45342
 -75.91875,  39.45615
 -75.91773,  39.45637
 -75.91291,  39.45750
 -75.90707,  39.45937
 -75.90589,  39.46079
 -75.90701,  39.46399
 -75.90855,  39.46530
 -75.90961,  39.46981
 -75.91274,  39.47260
 -75.91817,  39.46986
 -75.91860,  39.46970
 -75.92444,  39.46872
 -75.92640,  39.46542
 -75.93032,  39.46294
 -75.93114,  39.46095
 -75.93075,  39.45645
 -75.93336,  39.45197
 -75.93198,  39.44747
 -75.93049,  39.44696
 -75.92870,  39.44745
END
 -13.00000, -75.97388,  39.47470
 -75.97676,  39.47826
 -75.97778,  39.47922
 -75.97810,  39.48372
 -75.97669,  39.48570
 -75.97084,  39.48782
 -75.96502,  39.48755
 -75.96350,  39.48363
 -75.96370,  39.47914
 -75.96514,  39.47559
 -75.96665,  39.47466
 -75.97099,  39.47355
 -75.97388,  39.47470
END
 -13.00000, -75.73758,  39.47756
 -75.73684,  39.48205
 -75.73785,  39.48264
 -75.74168,  39.48209
 -75.73871,  39.47757
 -75.73792,  39.47745
 -75.73758,  39.47756
END
 -13.00000, -76.14153,  39.48907
 -76.13978,  39.49151
 -76.13795,  39.48905
 -76.13982,  39.48686
 -76.14153,  39.48907
END
 -13.00000, -76.05503,  39.48864
 -76.05318,  39.49313
 -76.05236,  39.49363
 -76.04881,  39.49311
 -76.04655,  39.49192
 -76.04533,  39.48859
 -76.04659,  39.48746
 -76.05243,  39.48609
 -76.05503,  39.48864
END
 -13.00000, -75.78963,  39.49145
 -75.79018,  39.49168
 -75.79053,  39.49146
 -75.79019,  39.49031
 -75.78963,  39.49145
END
 -13.00000, -75.93964,  39.50147
 -75.94156,  39.50237
 -75.94369,  39.50150
 -75.94159,  39.49974
 -75.93964,  39.50147
END
 -13.00000, -75.87990,  39.50558
 -75.87740,  39.50735
 -75.87637,  39.51005
 -75.87735,  39.51155
 -75.88317,  39.51224
 -75.88899,  39.51326
 -75.89482,  39.51273
 -75.89975,  39.51471
 -75.90063,  39.51501
 -75.90605,  39.51925
 -75.90640,  39.51991
 -75.91222,  39.52084
 -75.91305,  39.51929
 -75.91811,  39.51583
 -75.92126,  39.51485
 -75.92396,  39.51342
 -75.92767,  39.51039
 -75.92667,  39.50589
 -75.92406,  39.50410
 -75.91824,  39.50334
 -75.91240,  39.50467
 -75.90656,  39.50528
 -75.90073,  39.50552
 -75.89493,  39.50351
 -75.88911,  39.50242
 -75.88328,  39.50324
 -75.87990,  39.50558
END
 -13.00000, -76.00005,  39.51982
 -75.99966,  39.52029
 -75.99873,  39.51981
 -75.99967,  39.51932
 -76.00005,  39.51982
END
 -13.00000, -76.10503,  39.52937
 -76.10450,  39.53065
 -76.10249,  39.53385
 -76.09863,  39.53576
 -76.09556,  39.53831
 -76.09479,  39.54280
 -76.09271,  39.54670
 -76.09203,  39.54728
 -76.08981,  39.55177
 -76.08680,  39.55623
 -76.08678,  39.55626
 -76.08266,  39.56073
 -76.08092,  39.56193
 -76.07594,  39.56519
 -76.07506,  39.56576
 -76.06921,  39.56661
 -76.06339,  39.56629
 -76.06040,  39.56511
 -76.05757,  39.56411
 -76.05431,  39.56059
 -76.05279,  39.55608
 -76.05183,  39.55339
 -76.05066,  39.55157
 -76.05186,  39.54953
 -76.05363,  39.54709
 -76.05773,  39.54592
 -76.06356,  39.54587
 -76.06939,  39.54585
 -76.07525,  39.54301
 -76.07598,  39.54271
 -76.08095,  39.53824
 -76.08112,  39.53811
 -76.08698,  39.53497
 -76.09128,  39.53379
 -76.09282,  39.53307
 -76.09435,  39.52932
 -76.09872,  39.52550
 -76.10452,  39.52809
 -76.10503,  39.52937
END
 -13.00000, -76.05492,  39.52911
 -76.05323,  39.53360
 -76.05200,  39.53444
 -76.04618,  39.53359
 -76.04612,  39.53356
 -76.04355,  39.52906
 -76.04624,  39.52639
 -76.05208,  39.52550
 -76.05492,  39.52911
END
 -13.00000, -75.98370,  39.52872
 -75.98206,  39.53285
 -75.97623,  39.53174
 -75.97359,  39.52866
 -75.97627,  39.52774
 -75.98211,  39.52689
 -75.98370,  39.52872
END
 -13.00000, -75.96767,  39.52863
 -75.96643,  39.53311
 -75.96455,  39.53418
 -75.95870,  39.53617
 -75.95689,  39.53755
 -75.95588,  39.54204
 -75.95279,  39.54422
 -75.94694,  39.54582
 -75.94428,  39.54647
 -75.94108,  39.54863
 -75.93892,  39.54644
 -75.93531,  39.54282
 -75.93494,  39.54191
 -75.93534,  39.53999
 -75.93590,  39.53742
 -75.94122,  39.53466
 -75.94705,  39.53476
 -75.95289,  39.53450
 -75.95481,  39.53304
 -75.95586,  39.52855
 -75.95880,  39.52589
 -75.96461,  39.52734
 -75.96767,  39.52863
END
 -13.00000, -75.81351,  39.52760
 -75.81316,  39.53209
 -75.81878,  39.53553
 -75.82308,  39.53217
 -75.82319,  39.52767
 -75.81891,  39.52459
 -75.81351,  39.52760
END
 -13.00000, -75.75796,  39.52718
 -75.75651,  39.53167
 -75.76047,  39.53592
 -75.76295,  39.53172
 -75.76205,  39.52722
 -75.76060,  39.52551
 -75.75796,  39.52718
END
 -13.00000, -75.68975,  39.53113
 -75.69057,  39.53144
 -75.69090,  39.53114
 -75.69059,  39.52985
 -75.68975,  39.53113
END
 -13.00000, -75.90048,  39.55068
 -75.90023,  39.55092
 -75.89987,  39.55068
 -75.90024,  39.55022
 -75.90048,  39.55068
END
 -13.00000, -75.84248,  39.55029
 -75.84191,  39.55110
 -75.84031,  39.55028
 -75.84193,  39.54934
 -75.84248,  39.55029
END
 -13.00000, -74.74190,  39.54639
 -74.74550,  39.55022
 -74.74625,  39.55096
 -74.74775,  39.55548
 -74.74921,  39.56000
 -74.75097,  39.56330
 -74.75679,  39.56376
 -74.76263,  39.56374
 -74.76848,  39.56300
 -74.77084,  39.56036
 -74.77441,  39.55913
 -74.78032,  39.55655
 -74.78609,  39.55914
 -74.78999,  39.56066
 -74.78957,  39.56515
 -74.79169,  39.56752
 -74.79244,  39.56969
 -74.79158,  39.57164
 -74.78717,  39.57411
 -74.78564,  39.57539
 -74.77976,  39.57718
 -74.77528,  39.57841
 -74.77389,  39.57877
 -74.76804,  39.57883
 -74.76214,  39.58153
 -74.75634,  39.58006
 -74.75218,  39.57804
 -74.75060,  39.57696
 -74.74482,  39.57484
 -74.73900,  39.57418
 -74.73318,  39.57355
 -74.72735,  39.57343
 -74.72337,  39.57307
 -74.72154,  39.57264
 -74.71575,  39.57105
 -74.71196,  39.56838
 -74.71204,  39.56388
 -74.71301,  39.55941
 -74.71513,  39.55494
 -74.71627,  39.55230
 -74.71754,  39.55048
 -74.72221,  39.54850
 -74.72548,  39.54612
 -74.72813,  39.54519
 -74.73398,  39.54482
 -74.73980,  39.54531
 -74.74190,  39.54639
END
 -13.00000, -75.70225,  39.56271
 -75.70760,  39.56423
 -75.71342,  39.56491
 -75.71639,  39.56732
 -75.71685,  39.57182
 -75.71328,  39.57584
 -75.70744,  39.57600
 -75.70408,  39.57172
 -75.70397,  39.56722
 -75.70179,  39.56299
 -75.70074,  39.56270
 -75.70184,  39.55883
 -75.70225,  39.56271
END
 -13.00000, -76.13035,  39.56995
 -76.12750,  39.57146
 -76.12166,  39.57274
 -76.11815,  39.56989
 -76.12170,  39.56728
 -76.12753,  39.56849
 -76.13035,  39.56995
END
 -13.00000, -75.99933,  39.56927
 -75.99919,  39.56944
 -75.99910,  39.56927
 -75.99920,  39.56918
 -75.99933,  39.56927
END
 -13.00000, -75.92548,  39.56883
 -75.92332,  39.57271
 -75.92061,  39.57330
 -75.91749,  39.57355
 -75.91714,  39.57328
 -75.91585,  39.56877
 -75.91756,  39.56688
 -75.92339,  39.56699
 -75.92548,  39.56883
END
 -13.00000, -75.73257,  39.56745
 -75.73260,  39.57195
 -75.73083,  39.57253
 -75.72964,  39.57193
 -75.73020,  39.56743
 -75.73090,  39.56710
 -75.73257,  39.56745
END
 -13.00000, -75.83562,  39.57722
 -75.83574,  39.57958
 -75.83599,  39.58172
 -75.83572,  39.58206
 -75.82983,  39.58561
 -75.82404,  39.58294
 -75.82229,  39.58162
 -75.82184,  39.57712
 -75.82413,  39.57493
 -75.82997,  39.57407
 -75.83562,  39.57722
END
 -13.00000, -75.67960,  39.58051
 -75.68204,  39.58503
 -75.68394,  39.58740
 -75.68593,  39.58955
 -75.68974,  39.59081
 -75.69117,  39.58960
 -75.69564,  39.58583
 -75.69696,  39.58515
 -75.70150,  39.58403
 -75.70734,  39.58287
 -75.71317,  39.58413
 -75.71488,  39.58530
 -75.71819,  39.58982
 -75.71435,  39.59429
 -75.71302,  39.59477
 -75.70717,  39.59608
 -75.70132,  39.59727
 -75.69924,  39.59866
 -75.69540,  39.60310
 -75.69538,  39.60312
 -75.68953,  39.60555
 -75.68371,  39.60401
 -75.68162,  39.60301
 -75.67814,  39.59848
 -75.67796,  39.59814
 -75.67214,  39.59665
 -75.66943,  39.59391
 -75.66640,  39.59064
 -75.66582,  39.58939
 -75.66647,  39.58590
 -75.66692,  39.58490
 -75.66650,  39.58351
 -75.66598,  39.58039
 -75.66656,  39.57887
 -75.67243,  39.57667
 -75.67823,  39.57876
 -75.67960,  39.58051
END
 -13.00000, -76.16383,  39.58809
 -76.16334,  39.59258
 -76.16235,  39.59343
 -76.15652,  39.59267
 -76.15634,  39.59255
 -76.15570,  39.58805
 -76.15656,  39.58737
 -76.16239,  39.58668
 -76.16383,  39.58809
END
 -13.00000, -76.11141,  39.58785
 -76.11209,  39.59235
 -76.10981,  39.59590
 -76.10907,  39.59683
 -76.10831,  39.60132
 -76.10504,  39.60580
 -76.10389,  39.60675
 -76.09804,  39.60841
 -76.09531,  39.60575
 -76.09415,  39.60125
 -76.09492,  39.59676
 -76.09815,  39.59446
 -76.10400,  39.59334
 -76.10605,  39.59232
 -76.10841,  39.58783
 -76.10988,  39.58685
 -76.11141,  39.58785
END
 -13.00000, -76.04125,  39.58749
 -76.04153,  39.59199
 -76.03981,  39.59311
 -76.03822,  39.59197
 -76.03863,  39.58748
 -76.03987,  39.58660
 -76.04125,  39.58749
END
 -13.00000, -75.88373,  39.59554
 -75.88584,  39.60005
 -75.88361,  39.60453
 -75.88213,  39.60543
 -75.87627,  39.60662
 -75.87045,  39.60626
 -75.86810,  39.60443
 -75.86660,  39.59992
 -75.86964,  39.59545
 -75.87057,  39.59501
 -75.87642,  39.59388
 -75.88225,  39.59458
 -75.88373,  39.59554
END
 -13.00000, -75.74950,  39.59906
 -75.74796,  39.60000
 -75.74744,  39.59904
 -75.74799,  39.59838
 -75.74950,  39.59906
END
 -13.00000, -75.32430,  39.60846
 -75.32758,  39.60972
 -75.33337,  39.61215
 -75.33488,  39.61308
 -75.33913,  39.61659
 -75.33938,  39.61763
 -75.33905,  39.62057
 -75.33804,  39.62210
 -75.33316,  39.62323
 -75.32904,  39.62201
 -75.32735,  39.62155
 -75.32684,  39.62198
 -75.32150,  39.62244
 -75.31949,  39.62189
 -75.31573,  39.61916
 -75.30992,  39.61764
 -75.30967,  39.61729
 -75.30778,  39.61277
 -75.30863,  39.60828
 -75.31012,  39.60723
 -75.31457,  39.60835
 -75.31593,  39.60904
 -75.31891,  39.60840
 -75.32178,  39.60809
 -75.32430,  39.60846
END
 -13.00000, -75.11491,  39.63736
 -75.11682,  39.63814
 -75.12206,  39.64195
 -75.11667,  39.64487
 -75.11479,  39.64635
 -75.11257,  39.65082
 -75.11066,  39.65210
 -75.10780,  39.65076
 -75.10492,  39.64793
 -75.10207,  39.64618
 -75.09914,  39.64493
 -75.09595,  39.64160
 -75.09810,  39.63713
 -75.09933,  39.63658
 -75.10425,  39.63722
 -75.10515,  39.63758
 -75.10663,  39.63725
 -75.11101,  39.63685
 -75.11491,  39.63736
END
 -12.00000, -75.82249,  39.45123
 -75.81978,  39.45298
 -75.81744,  39.45119
 -75.81984,  39.44800
 -75.82249,  39.45123
END
END
