 -13.00000, -76.44001,  39.19776
 -76.43999,  39.20226
 -76.43789,  39.20307
 -76.43209,  39.20247
 -76.42628,  39.20314
 -76.42047,  39.20487
 -76.41467,  39.20557
 -76.40887,  39.20544
 -76.40306,  39.20529
 -76.39726,  39.20406
 -76.39512,  39.20216
 -76.39521,  39.19766
 -76.39730,  39.19590
 -76.40311,  39.19469
 -76.40891,  39.19454
 -76.41471,  39.19443
 -76.42051,  39.19511
 -76.42631,  39.19686
 -76.43211,  39.19753
 -76.43790,  39.19693
 -76.44001,  39.19776
END
 -13.00000, -76.28911,  39.21535
 -76.29276,  39.21549
 -76.29854,  39.21937
 -76.29899,  39.21988
 -76.29853,  39.22077
 -76.29496,  39.22437
 -76.29271,  39.22487
 -76.28690,  39.22581
 -76.28264,  39.22882
 -76.28106,  39.23233
 -76.27526,  39.22977
 -76.27042,  39.22878
 -76.27528,  39.22713
 -76.27667,  39.22430
 -76.27812,  39.21981
 -76.28114,  39.21667
 -76.28651,  39.21534
 -76.28696,  39.21527
 -76.28911,  39.21535
END
 -13.00000, -76.48673,  39.22033
 -76.48426,  39.22133
 -76.47845,  39.22286
 -76.47641,  39.22031
 -76.47847,  39.21720
 -76.48427,  39.21906
 -76.48673,  39.22033
END
 -13.00000, -76.46281,  39.22029
 -76.46104,  39.22238
 -76.45718,  39.22028
 -76.46105,  39.21777
 -76.46281,  39.22029
END
 -13.00000, -76.33225,  39.22897
 -76.32849,  39.23346
 -76.32749,  39.23386
 -76.32168,  39.23507
 -76.31587,  39.23535
 -76.31007,  39.23532
 -76.30611,  39.23339
 -76.30513,  39.22889
 -76.31012,  39.22533
 -76.31593,  39.22510
 -76.32172,  39.22527
 -76.32752,  39.22673
 -76.33225,  39.22897
END
 -13.00000, -76.42511,  39.24719
 -76.42607,  39.25169
 -76.42030,  39.25414
 -76.41449,  39.25433
 -76.40868,  39.25431
 -76.40548,  39.25164
 -76.40633,  39.24715
 -76.40871,  39.24560
 -76.41452,  39.24547
 -76.42033,  39.24562
 -76.42511,  39.24719
END
 -13.00000, -76.47302,  39.25628
 -76.47536,  39.26077
 -76.47834,  39.26448
 -76.48415,  39.26509
 -76.48817,  39.26529
 -76.48995,  39.26537
 -76.49408,  39.26979
 -76.49574,  39.27131
 -76.50155,  39.27292
 -76.50385,  39.27431
 -76.50629,  39.27881
 -76.50607,  39.28330
 -76.50152,  39.28641
 -76.49570,  39.28617
 -76.49210,  39.28328
 -76.49090,  39.27878
 -76.48992,  39.27684
 -76.48411,  39.27742
 -76.47831,  39.27586
 -76.47613,  39.27427
 -76.47377,  39.26976
 -76.47253,  39.26715
 -76.46918,  39.26526
 -76.46672,  39.26427
 -76.46445,  39.26075
 -76.46674,  39.25640
 -76.46791,  39.25627
 -76.47256,  39.25592
 -76.47302,  39.25628
END
 -13.00000, -76.32224,  39.25592
 -76.32736,  39.25974
 -76.32871,  39.26043
 -76.32735,  39.26131
 -76.32153,  39.26418
 -76.31573,  39.26432
 -76.30991,  39.26453
 -76.30412,  39.26168
 -76.29990,  39.26035
 -76.30414,  39.25832
 -76.30663,  39.25588
 -76.30997,  39.25514
 -76.31577,  39.25544
 -76.32157,  39.25576
 -76.32224,  39.25592
END
 -13.00000, -76.52046,  39.26084
 -76.51900,  39.26181
 -76.51804,  39.26083
 -76.51900,  39.25909
 -76.52046,  39.26084
END
 -13.00000, -76.34136,  39.26946
 -76.33892,  39.27134
 -76.33696,  39.26945
 -76.33894,  39.26794
 -76.34136,  39.26946
END
 -13.00000, -76.28090,  39.26928
 -76.28085,  39.26948
 -76.27647,  39.27376
 -76.27502,  39.27425
 -76.26920,  39.27497
 -76.26340,  39.27457
 -76.25758,  39.27462
 -76.25178,  39.27491
 -76.24652,  39.27366
 -76.24598,  39.27325
 -76.24194,  39.26914
 -76.24602,  39.26690
 -76.25183,  39.26541
 -76.25764,  39.26574
 -76.26345,  39.26577
 -76.26926,  39.26537
 -76.27505,  39.26748
 -76.28085,  39.26923
 -76.28090,  39.26928
END
 -13.00000, -76.43513,  39.27419
 -76.43765,  39.27463
 -76.44345,  39.27736
 -76.44452,  39.27871
 -76.44617,  39.28320
 -76.44923,  39.28730
 -76.45504,  39.28588
 -76.46085,  39.28426
 -76.46647,  39.28324
 -76.46667,  39.28318
 -76.46714,  39.28324
 -76.47247,  39.28360
 -76.47799,  39.28776
 -76.47793,  39.29225
 -76.47244,  39.29634
 -76.47060,  39.29674
 -76.47055,  39.30123
 -76.47243,  39.30154
 -76.47823,  39.30167
 -76.48306,  39.30125
 -76.48405,  39.30095
 -76.48443,  39.30125
 -76.48985,  39.30279
 -76.49276,  39.30127
 -76.49567,  39.29906
 -76.50137,  39.30128
 -76.50148,  39.30130
 -76.50729,  39.30151
 -76.51310,  39.30307
 -76.51891,  39.30465
 -76.52089,  39.30581
 -76.52290,  39.31030
 -76.52058,  39.31480
 -76.51888,  39.31580
 -76.51398,  39.31929
 -76.51306,  39.32050
 -76.50780,  39.32377
 -76.50724,  39.32428
 -76.50627,  39.32827
 -76.50723,  39.32938
 -76.51304,  39.33031
 -76.51885,  39.33043
 -76.52162,  39.32829
 -76.52467,  39.32472
 -76.53049,  39.32395
 -76.53629,  39.32768
 -76.53672,  39.32830
 -76.53773,  39.33280
 -76.53628,  39.33598
 -76.53046,  39.33681
 -76.52989,  39.33729
 -76.52939,  39.34179
 -76.53045,  39.34543
 -76.53223,  39.34629
 -76.53625,  39.34905
 -76.53816,  39.35079
 -76.54206,  39.35185
 -76.54787,  39.35239
 -76.55369,  39.35369
 -76.55577,  39.35530
 -76.55724,  39.35980
 -76.55622,  39.36430
 -76.55367,  39.36633
 -76.54785,  39.36742
 -76.54204,  39.36739
 -76.53622,  39.36836
 -76.53040,  39.36820
 -76.52999,  39.36876
 -76.53040,  39.36953
 -76.53622,  39.36905
 -76.54203,  39.37038
 -76.54784,  39.37220
 -76.54901,  39.37328
 -76.55226,  39.37778
 -76.55364,  39.38027
 -76.55531,  39.38229
 -76.55946,  39.38424
 -76.56202,  39.38229
 -76.56528,  39.37784
 -76.56532,  39.37779
 -76.57111,  39.37461
 -76.57692,  39.37527
 -76.58273,  39.37620
 -76.58789,  39.37781
 -76.58855,  39.37918
 -76.58990,  39.38231
 -76.58855,  39.38332
 -76.58717,  39.38681
 -76.58623,  39.39130
 -76.58271,  39.39503
 -76.58047,  39.39579
 -76.57689,  39.39703
 -76.57108,  39.39728
 -76.56525,  39.39711
 -76.56030,  39.39578
 -76.55944,  39.39552
 -76.55822,  39.39578
 -76.55362,  39.39709
 -76.54779,  39.39990
 -76.54768,  39.40026
 -76.54779,  39.40298
 -76.54822,  39.40475
 -76.54778,  39.40511
 -76.54196,  39.40794
 -76.53844,  39.40924
 -76.53613,  39.41338
 -76.53538,  39.41374
 -76.53613,  39.41402
 -76.54195,  39.41376
 -76.54208,  39.41375
 -76.54778,  39.41272
 -76.55359,  39.41289
 -76.55647,  39.41376
 -76.55941,  39.41459
 -76.56405,  39.41826
 -76.56374,  39.42276
 -76.55939,  39.42561
 -76.55550,  39.42725
 -76.55357,  39.42960
 -76.54774,  39.42956
 -76.54266,  39.42723
 -76.54192,  39.42709
 -76.54144,  39.42723
 -76.53686,  39.43172
 -76.53609,  39.43263
 -76.53027,  39.43598
 -76.52510,  39.43621
 -76.52444,  39.43696
 -76.52161,  39.44070
 -76.52443,  39.44125
 -76.53025,  39.44342
 -76.53607,  39.44395
 -76.54189,  39.44498
 -76.54532,  39.44073
 -76.54684,  39.43623
 -76.54773,  39.43493
 -76.55356,  39.43389
 -76.55938,  39.43516
 -76.56148,  39.43624
 -76.56330,  39.44074
 -76.55936,  39.44469
 -76.55730,  39.44524
 -76.55354,  39.44855
 -76.55125,  39.44973
 -76.54771,  39.45095
 -76.54188,  39.45411
 -76.54163,  39.45421
 -76.53605,  39.45604
 -76.53023,  39.45652
 -76.52440,  39.45803
 -76.51857,  39.45860
 -76.51836,  39.45868
 -76.51274,  39.46148
 -76.50692,  39.46197
 -76.50130,  39.45866
 -76.50110,  39.45862
 -76.50098,  39.45866
 -76.49664,  39.46315
 -76.49526,  39.46523
 -76.49182,  39.46764
 -76.48943,  39.46910
 -76.48837,  39.47213
 -76.48358,  39.47587
 -76.47776,  39.47640
 -76.47193,  39.47587
 -76.47086,  39.47659
 -76.46648,  39.48108
 -76.46833,  39.48558
 -76.47059,  39.49009
 -76.47189,  39.49072
 -76.47311,  39.49009
 -76.47773,  39.48721
 -76.48356,  39.48600
 -76.48511,  39.48561
 -76.48939,  39.48484
 -76.49119,  39.48562
 -76.49520,  39.48943
 -76.49564,  39.49013
 -76.49937,  39.49463
 -76.50101,  39.49519
 -76.50684,  39.49466
 -76.50691,  39.49464
 -76.51267,  39.49258
 -76.51850,  39.49138
 -76.52248,  39.49016
 -76.52433,  39.48896
 -76.52829,  39.48567
 -76.53017,  39.48477
 -76.53600,  39.48199
 -76.54182,  39.48235
 -76.54765,  39.48391
 -76.55050,  39.48569
 -76.55299,  39.49020
 -76.55005,  39.49469
 -76.54762,  39.49620
 -76.54179,  39.49777
 -76.53596,  39.49896
 -76.53293,  39.49916
 -76.53014,  39.49987
 -76.52866,  39.50365
 -76.52430,  39.50702
 -76.51847,  39.50721
 -76.51498,  39.50814
 -76.51263,  39.51146
 -76.51134,  39.51263
 -76.50787,  39.51712
 -76.50957,  39.52162
 -76.51260,  39.52225
 -76.51637,  39.52612
 -76.51661,  39.53062
 -76.51438,  39.53511
 -76.51257,  39.53623
 -76.50674,  39.53703
 -76.50092,  39.53523
 -76.50033,  39.53510
 -76.49509,  39.53263
 -76.48927,  39.53273
 -76.48573,  39.53507
 -76.48342,  39.53590
 -76.47759,  39.53643
 -76.47200,  39.53955
 -76.47176,  39.53985
 -76.47121,  39.53954
 -76.47077,  39.53505
 -76.47177,  39.53208
 -76.47193,  39.53056
 -76.47178,  39.53041
 -76.46595,  39.52938
 -76.46013,  39.52761
 -76.45429,  39.52971
 -76.45240,  39.53052
 -76.44901,  39.53501
 -76.44845,  39.53532
 -76.44450,  39.53949
 -76.44842,  39.54366
 -76.44885,  39.54400
 -76.44971,  39.54850
 -76.44990,  39.55299
 -76.44839,  39.55425
 -76.44254,  39.55734
 -76.44179,  39.55748
 -76.43670,  39.56030
 -76.43583,  39.56196
 -76.43085,  39.56588
 -76.42502,  39.56574
 -76.41920,  39.56291
 -76.41335,  39.56475
 -76.40920,  39.56640
 -76.40752,  39.56717
 -76.40272,  39.57088
 -76.40749,  39.57405
 -76.41332,  39.57345
 -76.41916,  39.57401
 -76.42242,  39.57542
 -76.42497,  39.57955
 -76.42514,  39.57993
 -76.42496,  39.58033
 -76.42287,  39.58442
 -76.41911,  39.58614
 -76.41327,  39.58825
 -76.41246,  39.58889
 -76.41062,  39.59338
 -76.40740,  39.59666
 -76.40157,  39.59774
 -76.40056,  39.59786
 -76.39572,  39.60003
 -76.39037,  39.59784
 -76.38989,  39.59729
 -76.38848,  39.59783
 -76.38708,  39.60232
 -76.38403,  39.60556
 -76.38087,  39.60680
 -76.38018,  39.61130
 -76.37816,  39.61391
 -76.37746,  39.61579
 -76.37674,  39.62028
 -76.37519,  39.62477
 -76.37227,  39.62645
 -76.36642,  39.62764
 -76.36059,  39.62674
 -76.35476,  39.62493
 -76.35448,  39.62472
 -76.35016,  39.62021
 -76.35375,  39.61573
 -76.35480,  39.61497
 -76.36065,  39.61334
 -76.36649,  39.61253
 -76.37232,  39.61315
 -76.37695,  39.61129
 -76.37775,  39.60680
 -76.37644,  39.60229
 -76.37479,  39.59780
 -76.37239,  39.59713
 -76.36729,  39.59778
 -76.36655,  39.59797
 -76.36608,  39.59778
 -76.36072,  39.59705
 -76.35488,  39.59768
 -76.34905,  39.59587
 -76.34390,  39.59322
 -76.34389,  39.58872
 -76.34536,  39.58422
 -76.34724,  39.57974
 -76.34331,  39.57772
 -76.33747,  39.57806
 -76.33163,  39.57818
 -76.32790,  39.57969
 -76.32641,  39.58418
 -76.32693,  39.58867
 -76.32574,  39.59056
 -76.32451,  39.59316
 -76.31989,  39.59511
 -76.31404,  39.59676
 -76.30820,  39.59733
 -76.30237,  39.59692
 -76.29653,  39.59738
 -76.29070,  39.59658
 -76.28741,  39.59755
 -76.28487,  39.60203
 -76.29066,  39.60414
 -76.29649,  39.60447
 -76.30232,  39.60500
 -76.30817,  39.60451
 -76.31400,  39.60471
 -76.31983,  39.60501
 -76.32418,  39.60665
 -76.32481,  39.61115
 -76.31979,  39.61416
 -76.31396,  39.61297
 -76.30812,  39.61311
 -76.30228,  39.61395
 -76.29643,  39.61500
 -76.29060,  39.61554
 -76.29059,  39.61554
 -76.28474,  39.61785
 -76.28297,  39.62001
 -76.28043,  39.62450
 -76.27887,  39.62549
 -76.27302,  39.62764
 -76.26718,  39.62661
 -76.26477,  39.62445
 -76.26248,  39.61994
 -76.26139,  39.61855
 -76.25555,  39.61943
 -76.24973,  39.61707
 -76.24389,  39.61718
 -76.23986,  39.61536
 -76.23807,  39.61474
 -76.23335,  39.61084
 -76.23227,  39.60898
 -76.22643,  39.60988
 -76.22581,  39.61082
 -76.22056,  39.61464
 -76.21474,  39.61141
 -76.21453,  39.61077
 -76.21477,  39.60789
 -76.21487,  39.60628
 -76.21671,  39.60179
 -76.21481,  39.60129
 -76.20899,  39.59828
 -76.20315,  39.59929
 -76.19731,  39.59963
 -76.19579,  39.60170
 -76.19144,  39.60558
 -76.18560,  39.60614
 -76.18459,  39.60616
 -76.17976,  39.60637
 -76.17875,  39.61063
 -76.17972,  39.61191
 -76.18555,  39.61284
 -76.19138,  39.61505
 -76.19163,  39.61518
 -76.19514,  39.61969
 -76.19315,  39.62418
 -76.19130,  39.62523
 -76.18546,  39.62609
 -76.17962,  39.62603
 -76.17677,  39.62861
 -76.17501,  39.63309
 -76.17372,  39.63430
 -76.16788,  39.63608
 -76.16438,  39.63755
 -76.16245,  39.64204
 -76.16199,  39.64245
 -76.15614,  39.64393
 -76.15029,  39.64511
 -76.14445,  39.64479
 -76.13862,  39.64383
 -76.13641,  39.64192
 -76.13676,  39.63742
 -76.13868,  39.63601
 -76.14452,  39.63510
 -76.15037,  39.63459
 -76.15527,  39.63301
 -76.15546,  39.62852
 -76.15043,  39.62625
 -76.14458,  39.62722
 -76.13876,  39.62659
 -76.13291,  39.62658
 -76.12709,  39.62465
 -76.12612,  39.62389
 -76.12394,  39.61938
 -76.12282,  39.61488
 -76.12244,  39.61038
 -76.12137,  39.60984
 -76.11554,  39.60900
 -76.10971,  39.60807
 -76.10387,  39.60796
 -76.09831,  39.60577
 -76.09806,  39.60559
 -76.09358,  39.60575
 -76.09222,  39.60627
 -76.08635,  39.60988
 -76.08599,  39.61020
 -76.08049,  39.61290
 -76.07469,  39.61015
 -76.07468,  39.61015
 -76.07454,  39.61015
 -76.06883,  39.61068
 -76.06328,  39.61459
 -76.06321,  39.61908
 -76.06292,  39.61958
 -76.05706,  39.62230
 -76.05537,  39.62354
 -76.05120,  39.62444
 -76.04535,  39.62798
 -76.04577,  39.63248
 -76.05111,  39.63521
 -76.05694,  39.63637
 -76.06045,  39.63705
 -76.06275,  39.63895
 -76.06412,  39.64157
 -76.06272,  39.64223
 -76.05688,  39.64327
 -76.05103,  39.64451
 -76.04564,  39.64148
 -76.04523,  39.64025
 -76.04359,  39.63697
 -76.03943,  39.63553
 -76.03562,  39.63243
 -76.03549,  39.62793
 -76.03953,  39.62483
 -76.04475,  39.62349
 -76.04539,  39.62215
 -76.04632,  39.61900
 -76.05128,  39.61546
 -76.05499,  39.61454
 -76.05662,  39.61005
 -76.05599,  39.60556
 -76.05448,  39.60105
 -76.05305,  39.59655
 -76.05149,  39.59220
 -76.05130,  39.59204
 -76.05053,  39.58754
 -76.05156,  39.58413
 -76.05178,  39.58305
 -76.05157,  39.58231
 -76.04577,  39.57979
 -76.04446,  39.57851
 -76.03996,  39.57653
 -76.03486,  39.57846
 -76.03410,  39.57920
 -76.02827,  39.57949
 -76.02243,  39.57936
 -76.01657,  39.58229
 -76.01608,  39.58286
 -76.01378,  39.58735
 -76.01426,  39.59184
 -76.01646,  39.59354
 -76.02229,  39.59496
 -76.02813,  39.59467
 -76.03395,  39.59562
 -76.03708,  39.59647
 -76.03976,  39.59952
 -76.04005,  39.60098
 -76.03973,  39.60128
 -76.03389,  39.60295
 -76.02804,  39.60429
 -76.02220,  39.60451
 -76.01636,  39.60484
 -76.01052,  39.60503
 -76.00841,  39.60530
 -76.00468,  39.60645
 -75.99883,  39.60687
 -75.99300,  39.60584
 -75.98717,  39.60563
 -75.98134,  39.60551
 -75.97582,  39.60511
 -75.97551,  39.60508
 -75.96967,  39.60446
 -75.96384,  39.60482
 -75.96290,  39.60503
 -75.95799,  39.60593
 -75.95213,  39.60846
 -75.94962,  39.60945
 -75.95210,  39.61126
 -75.95792,  39.61297
 -75.96376,  39.61229
 -75.96958,  39.61353
 -75.97113,  39.61408
 -75.97538,  39.61744
 -75.97604,  39.61860
 -75.97745,  39.62311
 -75.97997,  39.62762
 -75.97524,  39.63173
 -75.97476,  39.63208
 -75.96938,  39.63360
 -75.96733,  39.63204
 -75.96360,  39.62810
 -75.96272,  39.62751
 -75.95779,  39.62584
 -75.95197,  39.62415
 -75.94612,  39.62494
 -75.94027,  39.62594
 -75.93492,  39.62735
 -75.93442,  39.62771
 -75.93014,  39.62732
 -75.92858,  39.62722
 -75.92275,  39.62656
 -75.91692,  39.62539
 -75.91383,  39.62272
 -75.91344,  39.61822
 -75.91705,  39.61433
 -75.91954,  39.61376
 -75.92210,  39.60928
 -75.91711,  39.60815
 -75.91129,  39.60626
 -75.90901,  39.60470
 -75.90736,  39.60019
 -75.90942,  39.59571
 -75.91142,  39.59465
 -75.91728,  39.59247
 -75.92268,  39.59129
 -75.92313,  39.59111
 -75.92353,  39.59130
 -75.92896,  39.59188
 -75.93202,  39.59136
 -75.93481,  39.58978
 -75.93715,  39.59139
 -75.94062,  39.59262
 -75.94645,  39.59280
 -75.95226,  39.59500
 -75.95810,  39.59501
 -75.96394,  39.59533
 -75.96976,  39.59525
 -75.97561,  39.59472
 -75.98145,  39.59435
 -75.98728,  39.59430
 -75.99312,  39.59456
 -75.99895,  39.59518
 -76.00481,  39.59248
 -76.00572,  39.59179
 -76.00698,  39.58731
 -76.00502,  39.58279
 -76.00490,  39.58269
 -76.00171,  39.57828
 -75.99911,  39.57723
 -75.99329,  39.57684
 -75.98747,  39.57514
 -75.98486,  39.57369
 -75.98283,  39.56918
 -75.98171,  39.56769
 -75.97601,  39.56464
 -75.97591,  39.56453
 -75.97378,  39.56013
 -75.97145,  39.55563
 -75.97017,  39.55527
 -75.96886,  39.55561
 -75.96431,  39.55794
 -75.96127,  39.56006
 -75.95844,  39.56220
 -75.95740,  39.56004
 -75.95789,  39.55555
 -75.95631,  39.55103
 -75.95860,  39.54665
 -75.95928,  39.54656
 -75.96443,  39.54607
 -75.97027,  39.54569
 -75.97227,  39.54663
 -75.97519,  39.55115
 -75.97603,  39.55282
 -75.98185,  39.55387
 -75.98767,  39.55445
 -75.99352,  39.55355
 -75.99935,  39.55315
 -76.00335,  39.55131
 -76.00521,  39.54993
 -76.00912,  39.55135
 -76.01102,  39.55156
 -76.01366,  39.55137
 -76.01687,  39.55050
 -76.02270,  39.55054
 -76.02764,  39.54696
 -76.02335,  39.54243
 -76.02336,  39.53793
 -76.02868,  39.53428
 -76.03082,  39.53348
 -76.03342,  39.52900
 -76.02876,  39.52520
 -76.02293,  39.52625
 -76.01710,  39.52634
 -76.01460,  39.52890
 -76.01120,  39.53334
 -76.00540,  39.52984
 -75.99957,  39.53002
 -75.99770,  39.53330
 -75.99370,  39.53463
 -75.98786,  39.53502
 -75.98456,  39.53322
 -75.98322,  39.52872
 -75.98796,  39.52510
 -75.99378,  39.52581
 -75.99959,  39.52844
 -76.00542,  39.52819
 -76.01127,  39.52571
 -76.01380,  39.52439
 -76.01392,  39.51990
 -76.01249,  39.51540
 -76.01287,  39.51090
 -76.01202,  39.50640
 -76.01146,  39.50533
 -76.00800,  39.50187
 -76.00861,  39.49738
 -76.01157,  39.49463
 -76.01412,  39.49741
 -76.01733,  39.50153
 -76.02317,  39.49983
 -76.02654,  39.49748
 -76.02687,  39.49299
 -76.02541,  39.48849
 -76.02328,  39.48708
 -76.01749,  39.48410
 -76.01724,  39.48394
 -76.01508,  39.47943
 -76.01579,  39.47494
 -76.01608,  39.47044
 -76.01763,  39.46902
 -76.02345,  39.46950
 -76.02419,  39.47049
 -76.02924,  39.47349
 -76.03461,  39.47055
 -76.03510,  39.46999
 -76.04095,  39.46728
 -76.04314,  39.46610
 -76.04678,  39.46530
 -76.05261,  39.46481
 -76.05843,  39.46524
 -76.06214,  39.46620
 -76.06424,  39.46759
 -76.06551,  39.47071
 -76.07001,  39.47361
 -76.07584,  39.47266
 -76.08167,  39.47255
 -76.08347,  39.47080
 -76.08211,  39.46630
 -76.08173,  39.46591
 -76.07592,  39.46399
 -76.07010,  39.46342
 -76.06742,  39.46173
 -76.06810,  39.45724
 -76.07017,  39.45523
 -76.07600,  39.45492
 -76.08183,  39.45447
 -76.08612,  39.45283
 -76.08768,  39.44954
 -76.08856,  39.44835
 -76.08836,  39.44385
 -76.08775,  39.44259
 -76.08228,  39.43932
 -76.08195,  39.43924
 -76.07713,  39.43480
 -76.07618,  39.43331
 -76.07501,  39.43029
 -76.07623,  39.42815
 -76.07868,  39.42581
 -76.08208,  39.42430
 -76.08791,  39.42327
 -76.09373,  39.42205
 -76.09956,  39.42162
 -76.10073,  39.42143
 -76.10541,  39.41849
 -76.10728,  39.41696
 -76.11126,  39.41499
 -76.11709,  39.41304
 -76.12290,  39.41419
 -76.12870,  39.41674
 -76.12958,  39.41706
 -76.13451,  39.41922
 -76.13672,  39.42160
 -76.14030,  39.42250
 -76.14259,  39.42162
 -76.14616,  39.41727
 -76.14650,  39.41714
 -76.15200,  39.41456
 -76.15783,  39.41288
 -76.15871,  39.41270
 -76.16367,  39.40963
 -76.16949,  39.41015
 -76.17016,  39.40825
 -76.16951,  39.40727
 -76.16370,  39.40670
 -76.15898,  39.40371
 -76.15791,  39.40285
 -76.15689,  39.39920
 -76.15794,  39.39798
 -76.16376,  39.39703
 -76.16959,  39.39566
 -76.17032,  39.39477
 -76.17223,  39.39027
 -76.17053,  39.38577
 -76.16967,  39.38503
 -76.16698,  39.38576
 -76.16384,  39.38644
 -76.15803,  39.38605
 -76.15634,  39.38571
 -76.15222,  39.38455
 -76.14642,  39.38259
 -76.14061,  39.38133
 -76.14040,  39.38115
 -76.14062,  39.38001
 -76.14511,  39.37667
 -76.14646,  39.37652
 -76.15229,  39.37514
 -76.15812,  39.37380
 -76.16395,  39.37248
 -76.16460,  39.37226
 -76.16647,  39.36777
 -76.16399,  39.36612
 -76.15818,  39.36538
 -76.15348,  39.36322
 -76.15276,  39.35872
 -76.15826,  39.35494
 -76.16406,  39.35585
 -76.16772,  39.35878
 -76.16869,  39.36328
 -76.16982,  39.36436
 -76.17563,  39.36563
 -76.18144,  39.36612
 -76.18414,  39.36784
 -76.18723,  39.37030
 -76.19305,  39.36993
 -76.19886,  39.37015
 -76.20468,  39.36947
 -76.20885,  39.37244
 -76.21047,  39.37284
 -76.21194,  39.37245
 -76.21564,  39.36797
 -76.21053,  39.36534
 -76.20576,  39.36343
 -76.20522,  39.35894
 -76.21059,  39.35504
 -76.21641,  39.35546
 -76.21827,  39.35449
 -76.22224,  39.35243
 -76.22805,  39.35338
 -76.23387,  39.35188
 -76.23901,  39.35007
 -76.23769,  39.34557
 -76.23393,  39.34216
 -76.22984,  39.34104
 -76.23395,  39.33981
 -76.23721,  39.33657
 -76.23978,  39.33593
 -76.24560,  39.33641
 -76.25142,  39.33547
 -76.25723,  39.33427
 -76.26305,  39.33380
 -76.26887,  39.33341
 -76.27330,  39.33221
 -76.27065,  39.32771
 -76.26894,  39.32320
 -76.26893,  39.32309
 -76.26759,  39.31870
 -76.26896,  39.31787
 -76.27111,  39.31422
 -76.27481,  39.31040
 -76.27565,  39.30973
 -76.27730,  39.30524
 -76.28066,  39.30331
 -76.28648,  39.30126
 -76.29230,  39.30123
 -76.29359,  39.30080
 -76.29495,  39.29631
 -76.29414,  39.29181
 -76.29498,  39.28732
 -76.29819,  39.28585
 -76.30399,  39.28728
 -76.30418,  39.28735
 -76.30882,  39.29185
 -76.30977,  39.29304
 -76.31457,  39.29187
 -76.31559,  39.29163
 -76.31704,  39.29188
 -76.32140,  39.29224
 -76.32720,  39.29328
 -76.33302,  39.29222
 -76.33516,  39.29193
 -76.33883,  39.29028
 -76.34465,  39.28787
 -76.34634,  39.28747
 -76.35048,  39.28455
 -76.35228,  39.28299
 -76.35284,  39.27849
 -76.35632,  39.27582
 -76.36214,  39.27577
 -76.36504,  39.27852
 -76.36418,  39.28302
 -76.36210,  39.28448
 -76.35629,  39.28535
 -76.35325,  39.28749
 -76.35626,  39.29104
 -76.35678,  39.29199
 -76.36205,  39.29558
 -76.36333,  39.29650
 -76.36538,  39.30101
 -76.36783,  39.30315
 -76.37355,  39.30103
 -76.37365,  39.30096
 -76.37549,  39.30103
 -76.37946,  39.30108
 -76.37952,  39.30104
 -76.38201,  39.29655
 -76.38529,  39.29404
 -76.39111,  39.29343
 -76.39692,  39.29406
 -76.40272,  39.29541
 -76.40853,  39.29621
 -76.41434,  39.29422
 -76.42016,  39.29348
 -76.42458,  39.29215
 -76.42521,  39.28766
 -76.42191,  39.28315
 -76.42206,  39.27866
 -76.42603,  39.27464
 -76.42887,  39.27418
 -76.43185,  39.27372
 -76.43513,  39.27419
END
 -13.00000, -76.60352,  39.28790
 -76.60336,  39.29239
 -76.60027,  39.29445
 -76.59590,  39.29239
 -76.59667,  39.28789
 -76.60028,  39.28561
 -76.60352,  39.28790
END
 -13.00000, -76.59093,  39.29688
 -76.59217,  39.30137
 -76.58864,  39.30322
 -76.58670,  39.30137
 -76.58817,  39.29688
 -76.58865,  39.29655
 -76.59093,  39.29688
END
 -13.00000, -76.34993,  39.30996
 -76.35036,  39.31025
 -76.35617,  39.31033
 -76.36198,  39.31098
 -76.36322,  39.30999
 -76.36200,  39.30644
 -76.35618,  39.30910
 -76.35036,  39.30959
 -76.34993,  39.30996
END
 -13.00000, -76.22842,  39.30956
 -76.22832,  39.30965
 -76.22250,  39.31257
 -76.21688,  39.30952
 -76.22252,  39.30872
 -76.22832,  39.30953
 -76.22842,  39.30956
END
 -13.00000, -76.19029,  39.30941
 -76.18763,  39.31219
 -76.18485,  39.31389
 -76.18180,  39.31438
 -76.17599,  39.31433
 -76.17017,  39.31468
 -76.16436,  39.31466
 -76.15855,  39.31425
 -76.15780,  39.31377
 -76.15567,  39.30927
 -76.15862,  39.30606
 -76.16443,  39.30564
 -76.17023,  39.30573
 -76.17605,  39.30601
 -76.18185,  39.30608
 -76.18765,  39.30798
 -76.19029,  39.30941
END
 -13.00000, -76.17097,  39.32732
 -76.17225,  39.33182
 -76.17004,  39.33326
 -76.16423,  39.33300
 -76.15842,  39.33341
 -76.15583,  39.33175
 -76.15679,  39.32726
 -76.15846,  39.32641
 -76.16428,  39.32679
 -76.17009,  39.32677
 -76.17097,  39.32732
END
 -13.00000, -76.27553,  39.33671
 -76.27780,  39.34121
 -76.28044,  39.34244
 -76.28423,  39.34124
 -76.28306,  39.33673
 -76.28049,  39.33504
 -76.27553,  39.33671
END
 -13.00000, -76.21175,  39.33648
 -76.21510,  39.34098
 -76.21067,  39.34372
 -76.20485,  39.34431
 -76.19903,  39.34497
 -76.19321,  39.34479
 -76.18741,  39.34418
 -76.18160,  39.34230
 -76.17962,  39.34084
 -76.18164,  39.33763
 -76.18324,  39.33636
 -76.18747,  39.33546
 -76.19328,  39.33467
 -76.19910,  39.33408
 -76.20491,  39.33483
 -76.21072,  39.33611
 -76.21175,  39.33648
END
 -13.00000, -76.54839,  39.34180
 -76.54790,  39.34201
 -76.54740,  39.34180
 -76.54790,  39.34043
 -76.54839,  39.34180
END
 -13.00000, -76.58337,  39.34633
 -76.58535,  39.35083
 -76.58276,  39.35381
 -76.57695,  39.35347
 -76.57493,  39.35083
 -76.57694,  39.34633
 -76.57696,  39.34632
 -76.58277,  39.34593
 -76.58337,  39.34633
END
 -13.00000, -76.25084,  39.35911
 -76.25127,  39.35962
 -76.25155,  39.35911
 -76.25127,  39.35902
 -76.25084,  39.35911
END
 -13.00000, -76.60223,  39.38682
 -76.60362,  39.39131
 -76.60017,  39.39390
 -76.59650,  39.39131
 -76.59723,  39.38681
 -76.60018,  39.38574
 -76.60223,  39.38682
END
 -13.00000, -76.00090,  39.40741
 -76.00305,  39.41192
 -76.00069,  39.41272
 -75.99958,  39.41190
 -76.00064,  39.40741
 -76.00075,  39.40735
 -76.00090,  39.40741
END
 -13.00000, -76.51204,  39.41821
 -76.50739,  39.42270
 -76.50768,  39.42719
 -76.51147,  39.43169
 -76.51281,  39.43242
 -76.51814,  39.43620
 -76.51862,  39.43806
 -76.52322,  39.43620
 -76.52192,  39.43171
 -76.52266,  39.42721
 -76.52447,  39.42507
 -76.53029,  39.42352
 -76.53239,  39.42273
 -76.53374,  39.41823
 -76.53031,  39.41482
 -76.52448,  39.41705
 -76.51866,  39.41724
 -76.51284,  39.41766
 -76.51204,  39.41821
END
 -13.00000, -76.02538,  39.41654
 -76.02853,  39.42105
 -76.02386,  39.42449
 -76.01804,  39.42466
 -76.01225,  39.42245
 -76.00968,  39.42095
 -76.00974,  39.41645
 -76.01231,  39.41508
 -76.01814,  39.41478
 -76.02394,  39.41602
 -76.02538,  39.41654
END
 -13.00000, -76.10739,  39.42596
 -76.10748,  39.43045
 -76.11110,  39.43466
 -76.11693,  39.43417
 -76.12276,  39.43152
 -76.12391,  39.43053
 -76.12347,  39.42603
 -76.12282,  39.42524
 -76.11701,  39.42334
 -76.11119,  39.42319
 -76.10739,  39.42596
END
 -13.00000, -76.05456,  39.42569
 -76.05701,  39.43020
 -76.05371,  39.43468
 -76.05288,  39.43510
 -76.04705,  39.43592
 -76.04124,  39.43494
 -76.04015,  39.43460
 -76.03545,  39.43116
 -76.03404,  39.43008
 -76.03548,  39.42796
 -76.03812,  39.42560
 -76.04132,  39.42503
 -76.04715,  39.42408
 -76.05296,  39.42483
 -76.05456,  39.42569
END
 -13.00000, -76.17786,  39.43077
 -76.18097,  39.43351
 -76.18228,  39.43079
 -76.18099,  39.42979
 -76.17786,  39.43077
END
 -13.00000, -76.11065,  39.44846
 -76.10513,  39.45251
 -76.10428,  39.45292
 -76.10294,  39.45741
 -76.10509,  39.45860
 -76.10784,  39.46193
 -76.11087,  39.46347
 -76.11670,  39.46317
 -76.12253,  39.46261
 -76.12362,  39.46201
 -76.12498,  39.45751
 -76.12259,  39.45428
 -76.11814,  39.45299
 -76.11678,  39.45250
 -76.11131,  39.44846
 -76.11099,  39.44831
 -76.11065,  39.44846
END
 -13.00000, -76.61349,  39.45876
 -76.61175,  39.46320
 -76.60593,  39.46256
 -76.60010,  39.46279
 -76.59876,  39.45876
 -76.60011,  39.45754
 -76.60593,  39.45739
 -76.61176,  39.45699
 -76.61349,  39.45876
END
 -13.00000, -76.13789,  39.45757
 -76.13886,  39.46207
 -76.14000,  39.46243
 -76.14152,  39.46209
 -76.14205,  39.45759
 -76.14004,  39.45684
 -76.13789,  39.45757
END
 -13.00000, -76.05055,  39.47963
 -76.05139,  39.48413
 -76.05243,  39.48586
 -76.05351,  39.48864
 -76.05238,  39.49194
 -76.05125,  39.49312
 -76.04652,  39.49597
 -76.04414,  39.49758
 -76.04646,  39.50151
 -76.04703,  39.50209
 -76.05228,  39.50278
 -76.05811,  39.50337
 -76.06393,  39.50248
 -76.06450,  39.50218
 -76.06805,  39.49770
 -76.06982,  39.49675
 -76.07564,  39.49690
 -76.08148,  39.49551
 -76.08421,  39.49329
 -76.08414,  39.48880
 -76.08155,  39.48712
 -76.07572,  39.48726
 -76.06991,  39.48605
 -76.06409,  39.48468
 -76.06225,  39.48418
 -76.05829,  39.48231
 -76.05473,  39.47965
 -76.05250,  39.47843
 -76.05055,  39.47963
END
 -13.00000, -76.00336,  39.47937
 -76.00055,  39.48385
 -76.00001,  39.48402
 -75.99933,  39.48384
 -75.99561,  39.47932
 -76.00008,  39.47652
 -76.00336,  39.47937
END
 -13.00000, -75.97515,  39.47921
 -75.97090,  39.48178
 -75.96914,  39.47917
 -75.97094,  39.47790
 -75.97515,  39.47921
END
 -13.00000, -76.07508,  39.50673
 -76.07555,  39.50689
 -76.07874,  39.50675
 -76.07556,  39.50640
 -76.07508,  39.50673
END
 -13.00000, -76.07925,  39.51125
 -76.08134,  39.51261
 -76.08213,  39.51126
 -76.08138,  39.50699
 -76.07925,  39.51125
END
 -13.00000, -76.48640,  39.51709
 -76.48654,  39.52159
 -76.48928,  39.52531
 -76.49511,  39.52466
 -76.49904,  39.52160
 -76.49512,  39.51867
 -76.49402,  39.51710
 -76.48931,  39.51504
 -76.48640,  39.51709
END
 -13.00000, -75.97067,  39.51515
 -75.97636,  39.51827
 -75.97955,  39.51970
 -75.97692,  39.52418
 -75.97631,  39.52430
 -75.97047,  39.52528
 -75.96805,  39.52413
 -75.96575,  39.51962
 -75.97052,  39.51515
 -75.97057,  39.51513
 -75.97067,  39.51515
END
 -13.00000, -76.42591,  39.53047
 -76.42736,  39.53497
 -76.42667,  39.53946
 -76.42510,  39.54190
 -76.42362,  39.54395
 -76.41926,  39.54571
 -76.41342,  39.54620
 -76.40759,  39.54657
 -76.40176,  39.54694
 -76.39760,  39.54839
 -76.40041,  39.55289
 -76.40173,  39.55320
 -76.40756,  39.55379
 -76.41339,  39.55514
 -76.41922,  39.55682
 -76.42506,  39.55392
 -76.42909,  39.55296
 -76.43089,  39.55236
 -76.43179,  39.54847
 -76.43145,  39.54396
 -76.43501,  39.53948
 -76.43296,  39.53498
 -76.43268,  39.53048
 -76.43098,  39.52916
 -76.42591,  39.53047
END
 -13.00000, -76.36732,  39.53933
 -76.37263,  39.54050
 -76.37627,  39.53934
 -76.37264,  39.53809
 -76.36732,  39.53933
END
 -13.00000, -76.08114,  39.53824
 -76.08694,  39.53954
 -76.09275,  39.54201
 -76.09711,  39.53832
 -76.09279,  39.53726
 -76.08696,  39.53744
 -76.08114,  39.53824
END
 -13.00000, -76.06754,  39.53817
 -76.06889,  39.54267
 -76.06942,  39.54280
 -76.06966,  39.54268
 -76.07264,  39.53819
 -76.06947,  39.53751
 -76.06754,  39.53817
END
 -13.00000, -76.05069,  39.53808
 -76.05010,  39.54257
 -76.05192,  39.54335
 -76.05397,  39.54259
 -76.05342,  39.53809
 -76.05197,  39.53770
 -76.05069,  39.53808
END
 -13.00000, -76.10227,  39.54734
 -76.10434,  39.55061
 -76.10520,  39.55185
 -76.11015,  39.55299
 -76.11140,  39.55188
 -76.11100,  39.54738
 -76.11021,  39.54617
 -76.10439,  39.54405
 -76.10227,  39.54734
END
 -13.00000, -75.88889,  39.54611
 -75.89441,  39.54993
 -75.89504,  39.55065
 -75.89439,  39.55188
 -75.89246,  39.55513
 -75.88982,  39.55961
 -75.88846,  39.56062
 -75.88260,  39.56329
 -75.87677,  39.56285
 -75.87097,  39.56013
 -75.87055,  39.55948
 -75.87099,  39.55893
 -75.87527,  39.55502
 -75.87659,  39.55053
 -75.87691,  39.55003
 -75.88277,  39.54778
 -75.88815,  39.54611
 -75.88863,  39.54604
 -75.88889,  39.54611
END
 -13.00000, -75.94489,  39.55547
 -75.94599,  39.55997
 -75.94676,  39.56264
 -75.95007,  39.56449
 -75.95257,  39.56570
 -75.95516,  39.56902
 -75.95832,  39.57307
 -75.96247,  39.57356
 -75.96415,  39.57373
 -75.96943,  39.57809
 -75.96908,  39.58259
 -75.96403,  39.58582
 -75.95819,  39.58625
 -75.95238,  39.58438
 -75.94884,  39.58246
 -75.94659,  39.57949
 -75.94591,  39.57795
 -75.94415,  39.57344
 -75.94309,  39.56894
 -75.94088,  39.56781
 -75.93504,  39.56832
 -75.92923,  39.56618
 -75.92430,  39.56882
 -75.92336,  39.57040
 -75.91917,  39.57329
 -75.91748,  39.57399
 -75.91163,  39.57531
 -75.90582,  39.57372
 -75.90515,  39.57320
 -75.90314,  39.56869
 -75.90591,  39.56557
 -75.90921,  39.56423
 -75.91176,  39.56329
 -75.91759,  39.56364
 -75.92339,  39.55983
 -75.92346,  39.55974
 -75.92574,  39.55534
 -75.92936,  39.55410
 -75.93520,  39.55241
 -75.94102,  39.55346
 -75.94489,  39.55547
END
 -13.00000, -76.30834,  39.56164
 -76.30838,  39.56213
 -76.30870,  39.56164
 -76.30839,  39.56156
 -76.30834,  39.56164
END
 -13.00000, -76.08052,  39.56072
 -76.08092,  39.56084
 -76.08117,  39.56072
 -76.08093,  39.56062
 -76.08052,  39.56072
END
 -13.00000, -76.06909,  39.56066
 -76.06927,  39.56072
 -76.06959,  39.56066
 -76.06927,  39.56042
 -76.06909,  39.56066
END
 -13.00000, -76.37623,  39.57082
 -76.37833,  39.57159
 -76.37993,  39.57083
 -76.37834,  39.56954
 -76.37623,  39.57082
END
 -13.00000, -76.34850,  39.57075
 -76.34916,  39.57343
 -76.35298,  39.57526
 -76.35246,  39.57975
 -76.35496,  39.58036
 -76.36079,  39.58158
 -76.36662,  39.58173
 -76.37246,  39.58172
 -76.37369,  39.57981
 -76.37248,  39.57565
 -76.37164,  39.57531
 -76.36666,  39.57274
 -76.36082,  39.57366
 -76.35501,  39.57076
 -76.35500,  39.57076
 -76.34917,  39.56998
 -76.34850,  39.57075
END
 -13.00000, -76.30669,  39.57063
 -76.30833,  39.57180
 -76.31085,  39.57064
 -76.30835,  39.56823
 -76.30669,  39.57063
END
 -13.00000, -76.16212,  39.57009
 -76.16251,  39.57018
 -76.16472,  39.57010
 -76.16251,  39.56983
 -76.16212,  39.57009
END
 -13.00000, -76.11794,  39.56989
 -76.12167,  39.57259
 -76.12270,  39.56991
 -76.12169,  39.56919
 -76.11794,  39.56989
END
 -13.00000, -76.39860,  39.57537
 -76.39581,  39.57870
 -76.39544,  39.57986
 -76.39580,  39.58002
 -76.40163,  39.58113
 -76.40393,  39.57988
 -76.40440,  39.57539
 -76.40166,  39.57254
 -76.39860,  39.57537
END
 -13.00000, -76.26284,  39.57948
 -76.26162,  39.57997
 -76.25771,  39.58395
 -76.25575,  39.58578
 -76.24990,  39.58829
 -76.24979,  39.58842
 -76.24989,  39.58944
 -76.25329,  39.59293
 -76.25571,  39.59370
 -76.26154,  39.59453
 -76.26737,  39.59416
 -76.27168,  39.59299
 -76.27322,  39.59169
 -76.27416,  39.58851
 -76.27347,  39.58401
 -76.27327,  39.58343
 -76.27003,  39.57950
 -76.26746,  39.57903
 -76.26284,  39.57948
END
 -13.00000, -76.37724,  39.58881
 -76.37763,  39.59331
 -76.37823,  39.59476
 -76.38407,  39.59520
 -76.38544,  39.59332
 -76.38409,  39.58965
 -76.38380,  39.58883
 -76.37827,  39.58730
 -76.37724,  39.58881
END
 -13.00000, -76.17913,  39.60163
 -76.17976,  39.60539
 -76.18027,  39.60164
 -76.17979,  39.60120
 -76.17913,  39.60163
END
 -13.00000, -76.09138,  39.60124
 -76.09222,  39.60515
 -76.09272,  39.60124
 -76.09226,  39.60077
 -76.09138,  39.60124
END
 -13.00000, -76.27302,  39.60649
 -76.26729,  39.60867
 -76.26627,  39.61096
 -76.26727,  39.61287
 -76.27309,  39.61346
 -76.27829,  39.61100
 -76.27340,  39.60649
 -76.27314,  39.60646
 -76.27302,  39.60649
END
 -13.00000, -76.13507,  39.61044
 -76.13885,  39.61300
 -76.14471,  39.61086
 -76.14770,  39.61050
 -76.14471,  39.60990
 -76.13891,  39.60628
 -76.13507,  39.61044
END
 -13.00000, -75.93756,  39.60938
 -75.94040,  39.61387
 -75.94550,  39.60942
 -75.94046,  39.60794
 -75.93756,  39.60938
END
 -13.00000, -76.20910,  39.61975
 -76.20885,  39.61987
 -76.20876,  39.61974
 -76.20885,  39.61960
 -76.20910,  39.61975
END
 -13.00000, -76.08147,  39.63716
 -76.08253,  39.64166
 -76.08024,  39.64308
 -76.07700,  39.64164
 -76.07852,  39.63715
 -76.08029,  39.63648
 -76.08147,  39.63716
END
 -13.00000, -75.95810,  39.64547
 -75.96340,  39.64790
 -75.96478,  39.65001
 -75.96334,  39.65369
 -75.95996,  39.65448
 -75.95749,  39.65473
 -75.95164,  39.65523
 -75.94785,  39.65441
 -75.94582,  39.65353
 -75.94135,  39.64987
 -75.94590,  39.64645
 -75.94869,  39.64542
 -75.95175,  39.64480
 -75.95759,  39.64529
 -75.95810,  39.64547
END
 -13.00000, -75.89468,  39.64957
 -75.89330,  39.65070
 -75.88743,  39.65288
 -75.88200,  39.65398
 -75.88158,  39.65402
 -75.88148,  39.65398
 -75.87714,  39.64945
 -75.88166,  39.64643
 -75.88749,  39.64722
 -75.89332,  39.64873
 -75.89468,  39.64957
END
 -13.00000, -75.97489,  39.65907
 -75.97239,  39.66355
 -75.96907,  39.66463
 -75.96770,  39.66352
 -75.96588,  39.65901
 -75.96916,  39.65572
 -75.97489,  39.65907
END
 -13.00000, -75.89344,  39.66755
 -75.89400,  39.67205
 -75.89305,  39.67263
 -75.88719,  39.67418
 -75.88134,  39.67513
 -75.87720,  39.67643
 -75.87566,  39.68092
 -75.87809,  39.68543
 -75.88119,  39.68863
 -75.88220,  39.68996
 -75.88116,  39.69132
 -75.87528,  39.69411
 -75.87476,  39.69440
 -75.86942,  39.69575
 -75.86356,  39.69626
 -75.85773,  39.69589
 -75.85190,  39.69468
 -75.85029,  39.69424
 -75.84609,  39.69154
 -75.84282,  39.68969
 -75.84613,  39.68818
 -75.85168,  39.68525
 -75.85201,  39.68515
 -75.85787,  39.68336
 -75.86285,  39.68083
 -75.86376,  39.67962
 -75.86561,  39.67635
 -75.86968,  39.67258
 -75.87064,  39.67189
 -75.87304,  39.66741
 -75.87560,  39.66603
 -75.88145,  39.66476
 -75.88728,  39.66574
 -75.89310,  39.66735
 -75.89344,  39.66755
END
 -13.00000, -75.92914,  39.67677
 -75.93388,  39.67858
 -75.93685,  39.68132
 -75.93384,  39.68258
 -75.92799,  39.68329
 -75.92579,  39.68124
 -75.92785,  39.67676
 -75.92805,  39.67665
 -75.92914,  39.67677
END
 -13.00000, -76.08083,  39.71809
 -76.08035,  39.72259
 -76.07956,  39.72309
 -76.07371,  39.72407
 -76.06786,  39.72410
 -76.06582,  39.72252
 -76.06548,  39.71802
 -76.06792,  39.71598
 -76.07378,  39.71606
 -76.07961,  39.71717
 -76.08083,  39.71809
END
 -13.00000, -75.95324,  39.71739
 -75.95390,  39.72189
 -75.95094,  39.72361
 -75.94509,  39.72369
 -75.93924,  39.72429
 -75.93446,  39.72177
 -75.93579,  39.71728
 -75.93933,  39.71572
 -75.94518,  39.71614
 -75.95102,  39.71624
 -75.95324,  39.71739
END
 -13.00000, -75.92901,  39.72623
 -75.92764,  39.73072
 -75.92748,  39.73088
 -75.92434,  39.73519
 -75.92158,  39.73613
 -75.91573,  39.73573
 -75.91492,  39.73513
 -75.90994,  39.73090
 -75.90963,  39.73061
 -75.90995,  39.73016
 -75.91267,  39.72613
 -75.91586,  39.72414
 -75.92171,  39.72364
 -75.92754,  39.72515
 -75.92901,  39.72623
END
 -12.00000, -76.42176,  39.31013
 -76.42009,  39.31170
 -76.41574,  39.31012
 -76.42010,  39.30827
 -76.42176,  39.31013
END
 -12.00000, -76.41103,  39.32810
 -76.41257,  39.33260
 -76.40839,  39.33471
 -76.40257,  39.33654
 -76.39783,  39.33706
 -76.39674,  39.33821
 -76.39490,  39.33705
 -76.39094,  39.33665
 -76.38514,  39.33346
 -76.38306,  39.33253
 -76.38515,  39.33141
 -76.38717,  39.32804
 -76.39098,  39.32716
 -76.39679,  39.32693
 -76.40260,  39.32668
 -76.40841,  39.32735
 -76.41103,  39.32810
END
 -12.00000, -76.37473,  39.33700
 -76.37722,  39.34150
 -76.37929,  39.34246
 -76.38348,  39.34152
 -76.38511,  39.33953
 -76.38872,  39.34153
 -76.39091,  39.34192
 -76.39673,  39.34204
 -76.40128,  39.34606
 -76.40253,  39.34710
 -76.40414,  39.35056
 -76.40832,  39.35322
 -76.41414,  39.35064
 -76.41426,  39.35058
 -76.41997,  39.34636
 -76.42136,  39.34610
 -76.42579,  39.34540
 -76.43160,  39.34448
 -76.43742,  39.34407
 -76.44323,  39.34475
 -76.44662,  39.34616
 -76.44881,  39.35065
 -76.44903,  39.35147
 -76.45302,  39.35516
 -76.45146,  39.35965
 -76.45195,  39.36415
 -76.44897,  39.36831
 -76.44886,  39.36864
 -76.44897,  39.36897
 -76.45477,  39.37293
 -76.45502,  39.37315
 -76.46059,  39.37443
 -76.46590,  39.37317
 -76.46582,  39.36867
 -76.46642,  39.36655
 -76.47224,  39.36528
 -76.47806,  39.36629
 -76.48387,  39.36759
 -76.48745,  39.36871
 -76.48968,  39.37296
 -76.48981,  39.37321
 -76.49326,  39.37771
 -76.49535,  39.38221
 -76.49547,  39.38251
 -76.49687,  39.38671
 -76.49754,  39.39120
 -76.49544,  39.39326
 -76.48962,  39.39349
 -76.48380,  39.39430
 -76.47798,  39.39509
 -76.47216,  39.39558
 -76.46634,  39.39559
 -76.46053,  39.39446
 -76.45803,  39.39564
 -76.45692,  39.40013
 -76.45468,  39.40461
 -76.45467,  39.40462
 -76.44885,  39.40756
 -76.44767,  39.40910
 -76.44884,  39.41049
 -76.45466,  39.41047
 -76.46047,  39.41246
 -76.46630,  39.41055
 -76.47212,  39.40952
 -76.47345,  39.40915
 -76.47794,  39.40815
 -76.48376,  39.40792
 -76.48959,  39.40607
 -76.49266,  39.40469
 -76.49542,  39.40064
 -76.49594,  39.40020
 -76.50125,  39.39694
 -76.50217,  39.40020
 -76.50178,  39.40470
 -76.50352,  39.40919
 -76.50121,  39.41299
 -76.49851,  39.41369
 -76.49538,  39.41478
 -76.48967,  39.41817
 -76.48956,  39.41833
 -76.48373,  39.42187
 -76.48228,  39.42266
 -76.47791,  39.42360
 -76.47208,  39.42432
 -76.46626,  39.42541
 -76.46043,  39.42669
 -76.45906,  39.42712
 -76.45460,  39.42982
 -76.44878,  39.42928
 -76.44770,  39.43159
 -76.44876,  39.43447
 -76.45458,  39.43521
 -76.46041,  39.43412
 -76.46622,  39.43583
 -76.46751,  39.43612
 -76.47205,  39.43711
 -76.47604,  39.44063
 -76.47784,  39.44429
 -76.47860,  39.44513
 -76.47783,  39.44954
 -76.47782,  39.44963
 -76.47546,  39.45412
 -76.47199,  39.45566
 -76.46616,  39.45592
 -76.46035,  39.45476
 -76.45638,  39.45858
 -76.45450,  39.46180
 -76.45347,  39.46307
 -76.44866,  39.46630
 -76.44722,  39.46756
 -76.44559,  39.47205
 -76.44281,  39.47504
 -76.43896,  39.47654
 -76.43698,  39.47757
 -76.43114,  39.48050
 -76.42750,  39.47651
 -76.42534,  39.47396
 -76.42432,  39.47201
 -76.42175,  39.46751
 -76.41954,  39.46627
 -76.41640,  39.46750
 -76.41370,  39.46950
 -76.40788,  39.47063
 -76.40205,  39.47190
 -76.40196,  39.47196
 -76.40205,  39.47206
 -76.40562,  39.47646
 -76.40591,  39.48096
 -76.40604,  39.48546
 -76.40430,  39.48996
 -76.40722,  39.49446
 -76.40634,  39.49895
 -76.40462,  39.50344
 -76.40192,  39.50523
 -76.39609,  39.50635
 -76.39026,  39.50591
 -76.38448,  39.50340
 -76.38445,  39.50335
 -76.38182,  39.49889
 -76.37864,  39.49712
 -76.37697,  39.49888
 -76.37686,  39.50337
 -76.37860,  39.50622
 -76.38268,  39.50789
 -76.38192,  39.51238
 -76.38203,  39.51688
 -76.37855,  39.52016
 -76.37734,  39.51687
 -76.37695,  39.51237
 -76.37610,  39.50787
 -76.37277,  39.50674
 -76.36694,  39.50755
 -76.36111,  39.50774
 -76.36102,  39.50784
 -76.35957,  39.51233
 -76.35525,  39.51623
 -76.35025,  39.51680
 -76.34942,  39.51688
 -76.34386,  39.52127
 -76.34657,  39.52578
 -76.34770,  39.53028
 -76.34351,  39.53213
 -76.33768,  39.53279
 -76.33359,  39.53024
 -76.33193,  39.52573
 -76.33228,  39.52124
 -76.33191,  39.52114
 -76.33115,  39.52124
 -76.33176,  39.52573
 -76.32604,  39.52958
 -76.32587,  39.53022
 -76.32416,  39.53471
 -76.32162,  39.53920
 -76.32015,  39.54058
 -76.31796,  39.53918
 -76.31434,  39.53775
 -76.30852,  39.53639
 -76.30269,  39.53613
 -76.29685,  39.53670
 -76.29357,  39.53911
 -76.29210,  39.54360
 -76.29098,  39.54537
 -76.28517,  39.54358
 -76.28516,  39.54358
 -76.27933,  39.54311
 -76.27587,  39.54354
 -76.27349,  39.54379
 -76.26765,  39.54520
 -76.26183,  39.54450
 -76.25787,  39.54348
 -76.25600,  39.54254
 -76.25470,  39.54347
 -76.25017,  39.54392
 -76.24702,  39.54345
 -76.24435,  39.54179
 -76.24153,  39.54343
 -76.23850,  39.54421
 -76.23266,  39.54654
 -76.22682,  39.54756
 -76.22224,  39.54786
 -76.22099,  39.54831
 -76.21809,  39.55233
 -76.21828,  39.55684
 -76.21690,  39.56133
 -76.21507,  39.56246
 -76.20922,  39.56419
 -76.20493,  39.56128
 -76.20344,  39.55689
 -76.20332,  39.55677
 -76.19962,  39.55226
 -76.20198,  39.54778
 -76.20350,  39.54741
 -76.20757,  39.54330
 -76.20792,  39.53881
 -76.20882,  39.53431
 -76.20762,  39.52981
 -76.20947,  39.52690
 -76.21529,  39.52746
 -76.22112,  39.52754
 -76.22303,  39.52987
 -76.22692,  39.53236
 -76.23274,  39.53345
 -76.23802,  39.53442
 -76.23856,  39.53472
 -76.24438,  39.53596
 -76.25022,  39.53559
 -76.25603,  39.53732
 -76.26187,  39.53718
 -76.26772,  39.53503
 -76.26933,  39.53453
 -76.27356,  39.53207
 -76.27596,  39.53006
 -76.27357,  39.52873
 -76.26775,  39.52770
 -76.26193,  39.52668
 -76.25610,  39.52752
 -76.25027,  39.52681
 -76.24445,  39.52630
 -76.24342,  39.52545
 -76.23865,  39.52116
 -76.23851,  39.52094
 -76.23283,  39.51804
 -76.22702,  39.51675
 -76.22563,  39.51639
 -76.22120,  39.51543
 -76.21536,  39.51609
 -76.20953,  39.51599
 -76.20514,  39.51631
 -76.20370,  39.51669
 -76.20251,  39.51630
 -76.19789,  39.51429
 -76.19543,  39.51178
 -76.19209,  39.51005
 -76.18628,  39.50727
 -76.18626,  39.50724
 -76.18048,  39.50349
 -76.17938,  39.50272
 -76.17886,  39.49822
 -76.17860,  39.49372
 -76.17906,  39.48923
 -76.17735,  39.48472
 -76.17481,  39.48053
 -76.16899,  39.48019
 -76.16898,  39.48019
 -76.16899,  39.48019
 -76.17482,  39.47998
 -76.18066,  39.47799
 -76.18649,  39.47648
 -76.19232,  39.47582
 -76.19813,  39.47927
 -76.20397,  39.47679
 -76.20583,  39.47585
 -76.20982,  39.47388
 -76.21198,  39.47137
 -76.20985,  39.46780
 -76.20403,  39.46816
 -76.20156,  39.46684
 -76.19821,  39.46619
 -76.19241,  39.46405
 -76.18729,  39.46228
 -76.18660,  39.46167
 -76.18238,  39.45776
 -76.18082,  39.45518
 -76.17895,  39.45326
 -76.18086,  39.44919
 -76.18668,  39.44912
 -76.18742,  39.44880
 -76.19251,  39.44817
 -76.19833,  39.44830
 -76.20416,  39.44717
 -76.20825,  39.44438
 -76.21001,  39.44348
 -76.21586,  39.44042
 -76.21663,  39.43992
 -76.21886,  39.43543
 -76.22173,  39.43285
 -76.22256,  39.43095
 -76.22282,  39.42645
 -76.22762,  39.42259
 -76.22886,  39.42198
 -76.22980,  39.41748
 -76.22765,  39.41632
 -76.22185,  39.41349
 -76.22126,  39.41296
 -76.21883,  39.40845
 -76.21608,  39.40538
 -76.21027,  39.40519
 -76.20748,  39.40391
 -76.20454,  39.39940
 -76.21033,  39.39521
 -76.21613,  39.39887
 -76.21745,  39.39945
 -76.22192,  39.40276
 -76.22775,  39.40154
 -76.23357,  39.40177
 -76.23938,  39.40263
 -76.24224,  39.40404
 -76.24518,  39.40577
 -76.24993,  39.40857
 -76.25096,  39.41191
 -76.25127,  39.41307
 -76.25677,  39.41455
 -76.26259,  39.41359
 -76.26408,  39.41311
 -76.26843,  39.40969
 -76.26944,  39.40863
 -76.26845,  39.40686
 -76.26678,  39.40413
 -76.26497,  39.39963
 -76.26553,  39.39513
 -76.26574,  39.39063
 -76.26856,  39.38680
 -76.27419,  39.38617
 -76.27438,  39.38615
 -76.28021,  39.38454
 -76.28436,  39.38171
 -76.28432,  39.37720
 -76.28027,  39.37472
 -76.27571,  39.37268
 -76.27448,  39.37025
 -76.26898,  39.36816
 -76.27449,  39.36720
 -76.28032,  39.36492
 -76.28416,  39.36372
 -76.28615,  39.36270
 -76.29198,  39.36102
 -76.29685,  39.36376
 -76.29778,  39.36393
 -76.30359,  39.36383
 -76.30940,  39.36437
 -76.31342,  39.36381
 -76.31522,  39.36346
 -76.31844,  39.36383
 -76.32104,  39.36399
 -76.32308,  39.36384
 -76.32686,  39.36320
 -76.33268,  39.36200
 -76.33549,  39.35938
 -76.33852,  39.35534
 -76.33911,  39.35490
 -76.34223,  39.35040
 -76.34438,  39.34738
 -76.34531,  39.34592
 -76.35021,  39.34267
 -76.35291,  39.34144
 -76.35605,  39.33844
 -76.35900,  39.33696
 -76.36187,  39.33572
 -76.36770,  39.33333
 -76.37350,  39.33393
 -76.37473,  39.33700
END
 -12.00000, -76.48026,  39.34621
 -76.48340,  39.35072
 -76.47810,  39.35264
 -76.47356,  39.35520
 -76.47227,  39.35713
 -76.46645,  39.35890
 -76.46268,  39.35518
 -76.46278,  39.35068
 -76.46558,  39.34619
 -76.46648,  39.34551
 -76.47231,  39.34380
 -76.47812,  39.34536
 -76.48026,  39.34621
END
 -12.00000, -76.46526,  39.37766
 -76.46638,  39.38092
 -76.46739,  39.38216
 -76.47220,  39.38338
 -76.47801,  39.38317
 -76.48291,  39.38219
 -76.48384,  39.38004
 -76.48466,  39.37769
 -76.48385,  39.37717
 -76.47803,  39.37597
 -76.47222,  39.37434
 -76.46641,  39.37377
 -76.46526,  39.37766
END
 -12.00000, -76.44231,  39.38662
 -76.43726,  39.39071
 -76.43709,  39.39110
 -76.43726,  39.39125
 -76.44308,  39.39198
 -76.44889,  39.39349
 -76.45471,  39.39275
 -76.45594,  39.39114
 -76.45473,  39.38884
 -76.45352,  39.38663
 -76.44892,  39.38434
 -76.44310,  39.38636
 -76.44231,  39.38662
END
 -12.00000, -76.37856,  39.39996
 -76.37904,  39.40041
 -76.37984,  39.39996
 -76.37905,  39.39964
 -76.37856,  39.39996
END
 -12.00000, -76.16974,  39.44872
 -76.16921,  39.44921
 -76.16885,  39.44872
 -76.16922,  39.44858
 -76.16974,  39.44872
END
 -12.00000, -76.37755,  39.48090
 -76.37871,  39.48140
 -76.37931,  39.48090
 -76.37872,  39.47988
 -76.37755,  39.48090
END
 -12.00000, -76.42157,  39.48999
 -76.41944,  39.49400
 -76.41460,  39.48997
 -76.41946,  39.48731
 -76.42157,  39.48999
END
 -12.00000, -76.14469,  39.50706
 -76.14548,  39.50781
 -76.15131,  39.50853
 -76.15390,  39.51160
 -76.15128,  39.51295
 -76.14552,  39.51606
 -76.14542,  39.51613
 -76.13958,  39.51731
 -76.13783,  39.51603
 -76.13378,  39.51354
 -76.12975,  39.51149
 -76.13381,  39.50935
 -76.13531,  39.50702
 -76.13967,  39.50594
 -76.14469,  39.50706
END
 -12.00000, -76.12592,  39.51147
 -76.12214,  39.51205
 -76.11910,  39.51144
 -76.12217,  39.50792
 -76.12592,  39.51147
END
 -12.00000, -76.40262,  39.51693
 -76.40381,  39.52143
 -76.40185,  39.52334
 -76.39603,  39.52267
 -76.39269,  39.52140
 -76.39457,  39.51691
 -76.39605,  39.51641
 -76.40188,  39.51626
 -76.40262,  39.51693
END
 -12.00000, -76.36106,  39.53032
 -76.36102,  39.53035
 -76.36082,  39.53032
 -76.36102,  39.53018
 -76.36106,  39.53032
END
 -12.00000, -76.25568,  39.55697
 -76.25592,  39.55744
 -76.25951,  39.56148
 -76.25589,  39.56261
 -76.25004,  39.56526
 -76.24638,  39.56593
 -76.24420,  39.56666
 -76.23836,  39.56790
 -76.23577,  39.56589
 -76.23405,  39.56139
 -76.23841,  39.55922
 -76.24425,  39.55835
 -76.24574,  39.55693
 -76.25010,  39.55600
 -76.25568,  39.55697
END
END
