 -13.00000, -75.75359,  39.20789
 -75.75306,  39.21135
 -75.75125,  39.20787
 -75.75311,  39.20776
 -75.75359,  39.20789
END
 -13.00000, -75.77639,  39.22155
 -75.77615,  39.22163
 -75.77457,  39.22603
 -75.77392,  39.23053
 -75.77018,  39.23415
 -75.76575,  39.23496
 -75.76436,  39.23536
 -75.75855,  39.23530
 -75.75561,  39.23488
 -75.75276,  39.23418
 -75.74697,  39.23316
 -75.74117,  39.23300
 -75.73537,  39.23244
 -75.72955,  39.23375
 -75.72376,  39.23245
 -75.71796,  39.23174
 -75.71680,  39.23007
 -75.71801,  39.22833
 -75.72382,  39.22757
 -75.72965,  39.22607
 -75.73544,  39.22763
 -75.74125,  39.22688
 -75.74706,  39.22672
 -75.75048,  39.22585
 -75.75288,  39.22551
 -75.75870,  39.22456
 -75.76452,  39.22290
 -75.76913,  39.22150
 -75.77037,  39.21925
 -75.77615,  39.22147
 -75.77639,  39.22155
END
 -13.00000, -75.89350,  39.22688
 -75.89604,  39.23140
 -75.89211,  39.23324
 -75.88630,  39.23306
 -75.88049,  39.23318
 -75.87469,  39.23273
 -75.86888,  39.23359
 -75.86309,  39.23195
 -75.85729,  39.23167
 -75.85148,  39.23211
 -75.84910,  39.23108
 -75.85152,  39.22851
 -75.85732,  39.22975
 -75.86313,  39.22901
 -75.86533,  39.22669
 -75.86897,  39.22599
 -75.87436,  39.22675
 -75.87476,  39.22704
 -75.87537,  39.22676
 -75.88057,  39.22631
 -75.88638,  39.22655
 -75.89218,  39.22646
 -75.89350,  39.22688
END
 -13.00000, -75.92229,  39.24056
 -75.92101,  39.24452
 -75.91972,  39.24504
 -75.92098,  39.24696
 -75.92161,  39.24955
 -75.92552,  39.25407
 -75.92668,  39.25707
 -75.92770,  39.25858
 -75.92664,  39.26051
 -75.92628,  39.26307
 -75.92175,  39.26754
 -75.92075,  39.26947
 -75.91492,  39.27024
 -75.91161,  39.27197
 -75.90910,  39.27259
 -75.90434,  39.27192
 -75.90330,  39.27160
 -75.89749,  39.27119
 -75.89297,  39.26735
 -75.89173,  39.26699
 -75.88593,  39.26609
 -75.88381,  39.26279
 -75.88416,  39.25830
 -75.88604,  39.25608
 -75.89188,  39.25396
 -75.89263,  39.25386
 -75.89771,  39.25194
 -75.90353,  39.25042
 -75.90433,  39.24944
 -75.90939,  39.24550
 -75.91199,  39.24500
 -75.91524,  39.24153
 -75.91595,  39.24052
 -75.92107,  39.23868
 -75.92229,  39.24056
END
 -13.00000, -75.82265,  39.23988
 -75.82235,  39.24059
 -75.81654,  39.24158
 -75.81342,  39.24432
 -75.81100,  39.24879
 -75.81063,  39.24933
 -75.80481,  39.25047
 -75.79897,  39.25279
 -75.79532,  39.25317
 -75.79317,  39.25327
 -75.78734,  39.25468
 -75.78151,  39.25623
 -75.77837,  39.25754
 -75.77566,  39.25981
 -75.77441,  39.26201
 -75.76977,  39.26636
 -75.76965,  39.26646
 -75.76521,  39.27093
 -75.76698,  39.27544
 -75.76962,  39.27848
 -75.77077,  39.27996
 -75.77540,  39.28048
 -75.78120,  39.28028
 -75.78700,  39.28146
 -75.79281,  39.28178
 -75.79862,  39.28156
 -75.80262,  39.28020
 -75.79939,  39.27568
 -75.79870,  39.27549
 -75.79305,  39.27114
 -75.79375,  39.26665
 -75.79883,  39.26471
 -75.80464,  39.26441
 -75.81044,  39.26499
 -75.81482,  39.26680
 -75.81621,  39.26838
 -75.82198,  39.27086
 -75.82451,  39.26688
 -75.82786,  39.26558
 -75.83368,  39.26449
 -75.83951,  39.26294
 -75.84528,  39.26567
 -75.84875,  39.26705
 -75.85106,  39.26848
 -75.85294,  39.27158
 -75.85477,  39.27608
 -75.85660,  39.28059
 -75.85672,  39.28069
 -75.86251,  39.28268
 -75.86762,  39.28517
 -75.86828,  39.28601
 -75.87147,  39.28969
 -75.87298,  39.29420
 -75.87395,  39.29802
 -75.87418,  39.29870
 -75.87395,  39.29888
 -75.86809,  39.30270
 -75.86597,  39.29864
 -75.86234,  39.29715
 -75.85652,  39.29802
 -75.85470,  39.29856
 -75.85649,  39.30079
 -75.85819,  39.30309
 -75.86226,  39.30451
 -75.86501,  39.30763
 -75.86663,  39.31214
 -75.86797,  39.31287
 -75.87378,  39.31324
 -75.87958,  39.31451
 -75.88518,  39.31226
 -75.88542,  39.31189
 -75.88860,  39.30779
 -75.89131,  39.30482
 -75.89223,  39.30332
 -75.89424,  39.29883
 -75.89512,  39.29434
 -75.89727,  39.29163
 -75.90307,  39.29224
 -75.90633,  39.29442
 -75.90884,  39.29531
 -75.91348,  39.29896
 -75.91460,  39.30019
 -75.92039,  39.30291
 -75.92535,  39.29903
 -75.92627,  39.29601
 -75.92706,  39.29455
 -75.92877,  39.29007
 -75.93216,  39.28841
 -75.93768,  39.28563
 -75.93800,  39.28555
 -75.94382,  39.28516
 -75.94962,  39.28514
 -75.95024,  39.28571
 -75.95540,  39.28859
 -75.95689,  39.29024
 -75.96117,  39.29197
 -75.96586,  39.29029
 -75.96701,  39.28904
 -75.97282,  39.28908
 -75.97658,  39.29036
 -75.97861,  39.29100
 -75.98439,  39.29445
 -75.98458,  39.29490
 -75.98578,  39.29940
 -75.99014,  39.30141
 -75.99595,  39.30085
 -76.00175,  39.30145
 -76.00756,  39.30156
 -76.01337,  39.30180
 -76.01918,  39.30232
 -76.02365,  39.29962
 -76.02505,  39.29544
 -76.02529,  39.29513
 -76.03088,  39.29352
 -76.03670,  39.29319
 -76.04250,  39.29325
 -76.04833,  39.29132
 -76.04914,  39.29077
 -76.05418,  39.28730
 -76.05572,  39.28630
 -76.06001,  39.28490
 -76.06572,  39.28636
 -76.06580,  39.28638
 -76.07160,  39.28724
 -76.07429,  39.28640
 -76.07742,  39.28588
 -76.08324,  39.28592
 -76.08904,  39.28623
 -76.09485,  39.28647
 -76.10067,  39.28514
 -76.10649,  39.28421
 -76.11230,  39.28428
 -76.11810,  39.28585
 -76.11968,  39.28662
 -76.12195,  39.29113
 -76.11803,  39.29462
 -76.11707,  39.29560
 -76.11349,  39.30008
 -76.11214,  39.30354
 -76.10635,  39.30056
 -76.10609,  39.30004
 -76.10058,  39.29609
 -76.09705,  39.30000
 -76.09471,  39.30377
 -76.09418,  39.30449
 -76.08886,  39.30814
 -76.08792,  39.30895
 -76.08706,  39.31344
 -76.08503,  39.31793
 -76.08558,  39.32243
 -76.08871,  39.32550
 -76.09452,  39.32623
 -76.10034,  39.32530
 -76.10369,  39.32701
 -76.10405,  39.33151
 -76.10027,  39.33428
 -76.09693,  39.33597
 -76.09484,  39.34046
 -76.09440,  39.34128
 -76.09186,  39.34494
 -76.08854,  39.34681
 -76.08690,  39.34941
 -76.08850,  39.35204
 -76.09431,  39.35236
 -76.10013,  39.35197
 -76.10596,  39.35011
 -76.10961,  39.34953
 -76.11179,  39.34793
 -76.11762,  39.34620
 -76.12344,  39.34591
 -76.12925,  39.34564
 -76.13013,  39.34512
 -76.13509,  39.34257
 -76.14090,  39.34267
 -76.14671,  39.34359
 -76.14964,  39.34521
 -76.15250,  39.34715
 -76.15433,  39.34973
 -76.15804,  39.35424
 -76.15826,  39.35458
 -76.16203,  39.35876
 -76.16162,  39.36325
 -76.15818,  39.36576
 -76.15499,  39.36771
 -76.15516,  39.37222
 -76.15812,  39.37349
 -76.16354,  39.37675
 -76.16390,  39.37831
 -76.16439,  39.38125
 -76.16388,  39.38193
 -76.15804,  39.38572
 -76.15803,  39.38572
 -76.15219,  39.38844
 -76.15040,  39.39018
 -76.15166,  39.39468
 -76.15215,  39.39531
 -76.15496,  39.39920
 -76.15791,  39.40172
 -76.16374,  39.40018
 -76.16542,  39.39924
 -76.16959,  39.39577
 -76.17292,  39.39478
 -76.17543,  39.39357
 -76.18125,  39.39351
 -76.18447,  39.39033
 -76.18711,  39.38664
 -76.18899,  39.38585
 -76.19295,  39.38455
 -76.19877,  39.38403
 -76.20458,  39.38407
 -76.21040,  39.38536
 -76.21192,  39.38594
 -76.21499,  39.39045
 -76.21033,  39.39432
 -76.20770,  39.39492
 -76.20451,  39.39592
 -76.19868,  39.39594
 -76.19287,  39.39539
 -76.18705,  39.39589
 -76.18574,  39.39933
 -76.18535,  39.40382
 -76.18266,  39.40831
 -76.18112,  39.41145
 -76.18073,  39.41280
 -76.17527,  39.41727
 -76.17526,  39.41727
 -76.17518,  39.41727
 -76.16944,  39.41718
 -76.16914,  39.41724
 -76.16360,  39.42112
 -76.16199,  39.42171
 -76.15775,  39.42519
 -76.15657,  39.42618
 -76.15299,  39.43066
 -76.15364,  39.43516
 -76.15468,  39.43966
 -76.15179,  39.44396
 -76.14960,  39.44413
 -76.14596,  39.44447
 -76.14014,  39.44434
 -76.13792,  39.44408
 -76.13432,  39.44318
 -76.13306,  39.44406
 -76.12846,  39.44740
 -76.12804,  39.44854
 -76.12843,  39.45232
 -76.13425,  39.45295
 -76.13435,  39.45306
 -76.14006,  39.45424
 -76.14587,  39.45616
 -76.14807,  39.45762
 -76.14922,  39.46212
 -76.14580,  39.46592
 -76.14149,  39.46658
 -76.13997,  39.46670
 -76.13771,  39.47106
 -76.13991,  39.47466
 -76.14159,  39.47557
 -76.14224,  39.48008
 -76.13984,  39.48323
 -76.13401,  39.48349
 -76.12818,  39.48423
 -76.12236,  39.48344
 -76.11655,  39.48164
 -76.11492,  39.47995
 -76.11077,  39.47546
 -76.10495,  39.47564
 -76.10303,  39.47540
 -76.09913,  39.47507
 -76.09703,  39.47087
 -76.09335,  39.46896
 -76.08753,  39.46872
 -76.08247,  39.47080
 -76.08167,  39.47206
 -76.07764,  39.47527
 -76.07581,  39.47666
 -76.06998,  39.47751
 -76.06416,  39.47608
 -76.06181,  39.47519
 -76.05836,  39.47331
 -76.05610,  39.47516
 -76.05250,  39.47818
 -76.04668,  39.47771
 -76.04418,  39.47509
 -76.04176,  39.47058
 -76.04092,  39.47010
 -76.04041,  39.47058
 -76.03960,  39.47507
 -76.03719,  39.47956
 -76.03498,  39.48241
 -76.03226,  39.48402
 -76.02913,  39.48501
 -76.02328,  39.48847
 -76.02328,  39.48847
 -76.01974,  39.49295
 -76.01739,  39.49478
 -76.01615,  39.49743
 -76.01734,  39.50022
 -76.01993,  39.50194
 -76.02315,  39.50248
 -76.02895,  39.50495
 -76.03405,  39.50202
 -76.03481,  39.50087
 -76.03682,  39.49754
 -76.04070,  39.49475
 -76.04426,  39.49758
 -76.04567,  39.50208
 -76.04645,  39.50357
 -76.05086,  39.50661
 -76.05222,  39.50940
 -76.05328,  39.50662
 -76.05808,  39.50527
 -76.06391,  39.50571
 -76.06973,  39.50615
 -76.07556,  39.50629
 -76.08140,  39.50548
 -76.08722,  39.50598
 -76.09304,  39.50634
 -76.09887,  39.50635
 -76.10470,  39.50650
 -76.11053,  39.50537
 -76.11636,  39.50532
 -76.12218,  39.50600
 -76.12341,  39.50697
 -76.12644,  39.51148
 -76.12797,  39.51216
 -76.13174,  39.51150
 -76.13380,  39.51048
 -76.13924,  39.50704
 -76.13966,  39.50679
 -76.14164,  39.50705
 -76.14548,  39.50754
 -76.15076,  39.50709
 -76.15131,  39.50703
 -76.15715,  39.50648
 -76.16018,  39.50713
 -76.16296,  39.50795
 -76.16516,  39.51165
 -76.16875,  39.51455
 -76.17429,  39.51619
 -76.17456,  39.51664
 -76.18037,  39.52021
 -76.18057,  39.52071
 -76.18036,  39.52092
 -76.17452,  39.52241
 -76.16867,  39.52491
 -76.16785,  39.52515
 -76.16283,  39.52646
 -76.15699,  39.52818
 -76.15364,  39.52959
 -76.15324,  39.53408
 -76.15472,  39.53858
 -76.15360,  39.54308
 -76.15104,  39.54476
 -76.14568,  39.54754
 -76.14518,  39.54811
 -76.14156,  39.55201
 -76.13931,  39.55358
 -76.13347,  39.55486
 -76.12763,  39.55518
 -76.12180,  39.55423
 -76.11729,  39.55190
 -76.11864,  39.54741
 -76.12187,  39.54549
 -76.12440,  39.54294
 -76.12517,  39.53845
 -76.12196,  39.53518
 -76.11792,  39.53392
 -76.11614,  39.53336
 -76.11235,  39.52940
 -76.11035,  39.52827
 -76.10454,  39.52663
 -76.10268,  39.52485
 -76.09877,  39.52034
 -76.09875,  39.52026
 -76.09721,  39.51584
 -76.09298,  39.51416
 -76.08715,  39.51418
 -76.08147,  39.51576
 -76.08131,  39.51584
 -76.07548,  39.51643
 -76.06965,  39.51579
 -76.06381,  39.51677
 -76.05799,  39.51576
 -76.05783,  39.51564
 -76.05220,  39.51158
 -76.04635,  39.51418
 -76.04541,  39.51558
 -76.04263,  39.52005
 -76.04044,  39.52334
 -76.03947,  39.52453
 -76.03862,  39.52903
 -76.03825,  39.53352
 -76.04032,  39.53610
 -76.04232,  39.53804
 -76.04610,  39.54222
 -76.04664,  39.54256
 -76.05192,  39.54386
 -76.05775,  39.54433
 -76.06358,  39.54439
 -76.06940,  39.54460
 -76.07523,  39.54528
 -76.08105,  39.54619
 -76.08349,  39.54725
 -76.08685,  39.55074
 -76.09267,  39.55159
 -76.09853,  39.54815
 -76.10342,  39.55184
 -76.10433,  39.55208
 -76.11013,  39.55626
 -76.11060,  39.55637
 -76.11279,  39.56088
 -76.11008,  39.56284
 -76.10423,  39.56520
 -76.10344,  39.56533
 -76.09838,  39.56595
 -76.09255,  39.56578
 -76.08747,  39.56525
 -76.08672,  39.56517
 -76.08089,  39.56449
 -76.07506,  39.56507
 -76.07496,  39.56519
 -76.07440,  39.56968
 -76.07080,  39.57416
 -76.06915,  39.57494
 -76.06329,  39.57636
 -76.05746,  39.57654
 -76.05531,  39.57858
 -76.05740,  39.58291
 -76.05757,  39.58308
 -76.06320,  39.58707
 -76.06905,  39.58648
 -76.07201,  39.58765
 -76.07214,  39.59215
 -76.06898,  39.59332
 -76.06316,  39.59212
 -76.05731,  39.59352
 -76.05146,  39.59560
 -76.04562,  39.59633
 -76.03979,  39.59460
 -76.03842,  39.59198
 -76.03981,  39.58749
 -76.03986,  39.58745
 -76.04417,  39.58301
 -76.04576,  39.58031
 -76.04761,  39.57853
 -76.05164,  39.57584
 -76.05447,  39.57408
 -76.05481,  39.56958
 -76.05756,  39.56537
 -76.05942,  39.56511
 -76.06340,  39.56448
 -76.06924,  39.56404
 -76.07402,  39.56068
 -76.06931,  39.55633
 -76.06767,  39.55616
 -76.06348,  39.55591
 -76.05902,  39.55611
 -76.05764,  39.55618
 -76.05267,  39.56058
 -76.05176,  39.56203
 -76.04592,  39.56215
 -76.04007,  39.56416
 -76.03657,  39.56049
 -76.03430,  39.55766
 -76.03142,  39.55597
 -76.02849,  39.55497
 -76.02268,  39.55283
 -76.01925,  39.55140
 -76.01962,  39.54691
 -76.02274,  39.54658
 -76.02859,  39.54475
 -76.03444,  39.54254
 -76.03453,  39.54249
 -76.03550,  39.53800
 -76.03448,  39.53763
 -76.02866,  39.53653
 -76.02283,  39.53599
 -76.01699,  39.53739
 -76.01662,  39.53790
 -76.01567,  39.54239
 -76.01109,  39.54570
 -76.00782,  39.54684
 -76.00523,  39.54861
 -75.99939,  39.54916
 -75.99835,  39.55128
 -75.99935,  39.55270
 -76.00497,  39.55582
 -76.00515,  39.55633
 -76.00775,  39.56033
 -76.00509,  39.56293
 -76.00306,  39.56480
 -75.99922,  39.56602
 -75.99339,  39.56673
 -75.98755,  39.56713
 -75.98171,  39.56736
 -75.97588,  39.56712
 -75.97054,  39.56461
 -75.97009,  39.56376
 -75.96426,  39.56298
 -75.96064,  39.56455
 -75.95840,  39.56503
 -75.95338,  39.56900
 -75.95258,  39.57350
 -75.95828,  39.57725
 -75.96411,  39.57777
 -75.96996,  39.57617
 -75.97579,  39.57620
 -75.98163,  39.57577
 -75.98746,  39.57624
 -75.99314,  39.57823
 -75.99120,  39.58272
 -75.98738,  39.58397
 -75.98154,  39.58440
 -75.97572,  39.58396
 -75.96988,  39.58401
 -75.96434,  39.58256
 -75.96407,  39.58110
 -75.96161,  39.58254
 -75.95823,  39.58268
 -75.95679,  39.58252
 -75.95243,  39.57914
 -75.94950,  39.58247
 -75.94908,  39.58696
 -75.94781,  39.59145
 -75.94645,  39.59340
 -75.94314,  39.59592
 -75.94057,  39.59659
 -75.93473,  39.59739
 -75.92891,  39.59610
 -75.92329,  39.59580
 -75.92308,  39.59579
 -75.91725,  39.59496
 -75.91142,  39.59470
 -75.90559,  39.59367
 -75.90305,  39.59567
 -75.90286,  39.60016
 -75.89964,  39.60447
 -75.89909,  39.60463
 -75.89379,  39.60571
 -75.88796,  39.60535
 -75.88641,  39.60455
 -75.88380,  39.60003
 -75.88499,  39.59555
 -75.88810,  39.59270
 -75.89394,  39.59230
 -75.89975,  39.59488
 -75.90467,  39.59118
 -75.90565,  39.58923
 -75.90735,  39.58670
 -75.91153,  39.58488
 -75.91737,  39.58412
 -75.92323,  39.58234
 -75.92335,  39.58231
 -75.92801,  39.57784
 -75.92912,  39.57606
 -75.93198,  39.57337
 -75.93061,  39.56886
 -75.93082,  39.56437
 -75.92928,  39.56101
 -75.92830,  39.55986
 -75.92350,  39.55627
 -75.91765,  39.55866
 -75.91735,  39.55979
 -75.91652,  39.56428
 -75.91173,  39.56669
 -75.90748,  39.56871
 -75.90585,  39.57128
 -75.90508,  39.57320
 -75.89995,  39.57648
 -75.89760,  39.57764
 -75.89406,  39.58202
 -75.89387,  39.58212
 -75.88818,  39.58597
 -75.88235,  39.58461
 -75.87653,  39.58448
 -75.87069,  39.58493
 -75.86830,  39.58644
 -75.86480,  39.58928
 -75.86177,  39.59089
 -75.85892,  39.59322
 -75.85307,  39.59420
 -75.84724,  39.59442
 -75.84141,  39.59382
 -75.83778,  39.59523
 -75.83554,  39.59674
 -75.83224,  39.59967
 -75.82964,  39.60168
 -75.82637,  39.59964
 -75.82387,  39.59640
 -75.82288,  39.59512
 -75.82104,  39.59061
 -75.81815,  39.58662
 -75.81769,  39.58609
 -75.81235,  39.58457
 -75.80652,  39.58380
 -75.80071,  39.58194
 -75.79712,  39.58594
 -75.79593,  39.59042
 -75.79472,  39.59378
 -75.78889,  39.59428
 -75.78306,  39.59361
 -75.77723,  39.59328
 -75.77139,  39.59300
 -75.76559,  39.59082
 -75.75976,  39.59053
 -75.75941,  39.59015
 -75.75980,  39.58673
 -75.76035,  39.58566
 -75.75983,  39.58548
 -75.75754,  39.58113
 -75.75770,  39.57664
 -75.75414,  39.57408
 -75.74828,  39.57553
 -75.74646,  39.57656
 -75.74309,  39.58102
 -75.74237,  39.58184
 -75.73653,  39.58242
 -75.73068,  39.58307
 -75.72513,  39.58538
 -75.72482,  39.58574
 -75.72019,  39.58984
 -75.71891,  39.59071
 -75.71304,  39.59371
 -75.70920,  39.59425
 -75.70718,  39.59452
 -75.70135,  39.59448
 -75.69683,  39.59863
 -75.69742,  39.60314
 -75.69765,  39.60764
 -75.69529,  39.61095
 -75.69424,  39.61211
 -75.68941,  39.61333
 -75.68649,  39.61205
 -75.68404,  39.60752
 -75.68369,  39.60593
 -75.68304,  39.60302
 -75.68375,  39.60173
 -75.68454,  39.59853
 -75.68967,  39.59553
 -75.69550,  39.59623
 -75.70015,  39.59417
 -75.69746,  39.58965
 -75.69562,  39.58710
 -75.69464,  39.58513
 -75.68986,  39.58204
 -75.68801,  39.58058
 -75.68926,  39.57609
 -75.68996,  39.57415
 -75.69021,  39.57161
 -75.69003,  39.56947
 -75.68612,  39.56707
 -75.68424,  39.56658
 -75.67841,  39.56592
 -75.67259,  39.56503
 -75.66676,  39.56562
 -75.66350,  39.56688
 -75.66084,  39.57097
 -75.65501,  39.57103
 -75.65444,  39.57130
 -75.64914,  39.57349
 -75.64330,  39.57388
 -75.63745,  39.57470
 -75.63213,  39.57560
 -75.63161,  39.57571
 -75.62576,  39.57649
 -75.61993,  39.57640
 -75.61405,  39.57893
 -75.60822,  39.57886
 -75.60239,  39.57861
 -75.59655,  39.57925
 -75.59072,  39.57865
 -75.58875,  39.57971
 -75.58483,  39.58215
 -75.57899,  39.58289
 -75.57314,  39.58355
 -75.56731,  39.58319
 -75.56151,  39.58135
 -75.55566,  39.58209
 -75.55077,  39.58385
 -75.54980,  39.58416
 -75.54539,  39.58829
 -75.54386,  39.59048
 -75.54161,  39.59276
 -75.53795,  39.59524
 -75.53417,  39.59718
 -75.53204,  39.59954
 -75.52618,  39.60128
 -75.52551,  39.60160
 -75.52030,  39.60384
 -75.51445,  39.60461
 -75.50861,  39.60521
 -75.50276,  39.60564
 -75.49694,  39.60477
 -75.49114,  39.60243
 -75.48959,  39.60124
 -75.48537,  39.59841
 -75.48350,  39.59668
 -75.47961,  39.59379
 -75.47739,  39.59212
 -75.47456,  39.58760
 -75.47390,  39.58677
 -75.47049,  39.58306
 -75.46816,  39.58096
 -75.46637,  39.57852
 -75.46240,  39.57664
 -75.45660,  39.57485
 -75.45344,  39.57389
 -75.45081,  39.57243
 -75.44498,  39.57206
 -75.43914,  39.57257
 -75.43330,  39.57305
 -75.43082,  39.57365
 -75.42744,  39.57439
 -75.42158,  39.57595
 -75.41591,  39.57799
 -75.41570,  39.57812
 -75.40983,  39.58073
 -75.40398,  39.58132
 -75.40042,  39.58232
 -75.39809,  39.58448
 -75.39694,  39.58678
 -75.39503,  39.59126
 -75.39206,  39.59498
 -75.39149,  39.59571
 -75.38929,  39.60019
 -75.38651,  39.60466
 -75.38603,  39.60529
 -75.38223,  39.60911
 -75.38010,  39.61102
 -75.37614,  39.61354
 -75.37419,  39.61457
 -75.36832,  39.61654
 -75.36246,  39.61747
 -75.35970,  39.61786
 -75.35661,  39.61854
 -75.35078,  39.61779
 -75.35069,  39.61776
 -75.34496,  39.61681
 -75.33919,  39.61326
 -75.33901,  39.61312
 -75.33598,  39.60859
 -75.33348,  39.60659
 -75.32768,  39.60477
 -75.32183,  39.60540
 -75.31596,  39.60736
 -75.31012,  39.60747
 -75.30813,  39.60828
 -75.30424,  39.60945
 -75.29839,  39.61032
 -75.29252,  39.61179
 -75.28880,  39.61255
 -75.28666,  39.61293
 -75.28080,  39.61417
 -75.27495,  39.61481
 -75.26909,  39.61586
 -75.26578,  39.61677
 -75.26320,  39.61849
 -75.25731,  39.62107
 -75.25722,  39.62116
 -75.25731,  39.62135
 -75.25983,  39.62569
 -75.26279,  39.63022
 -75.26295,  39.63126
 -75.26319,  39.63473
 -75.26562,  39.63925
 -75.26854,  39.64336
 -75.26900,  39.64379
 -75.27334,  39.64834
 -75.27425,  39.64979
 -75.27579,  39.65286
 -75.27995,  39.65731
 -75.28004,  39.65741
 -75.27990,  39.65950
 -75.27956,  39.66190
 -75.27395,  39.66473
 -75.26810,  39.66512
 -75.26228,  39.66402
 -75.25645,  39.66344
 -75.25061,  39.66364
 -75.24478,  39.66290
 -75.23892,  39.66374
 -75.23308,  39.66392
 -75.22723,  39.66439
 -75.22144,  39.66190
 -75.22005,  39.66118
 -75.21568,  39.65817
 -75.21291,  39.65660
 -75.20988,  39.65561
 -75.20409,  39.65343
 -75.19852,  39.65192
 -75.19828,  39.65184
 -75.19253,  39.64794
 -75.19051,  39.64733
 -75.18671,  39.64642
 -75.18091,  39.64492
 -75.17562,  39.64264
 -75.17513,  39.64229
 -75.16961,  39.63807
 -75.16938,  39.63790
 -75.16821,  39.63805
 -75.16351,  39.63903
 -75.15770,  39.63804
 -75.15725,  39.63791
 -75.15192,  39.63544
 -75.15028,  39.63332
 -75.14617,  39.63109
 -75.14427,  39.62875
 -75.14043,  39.62688
 -75.13461,  39.62601
 -75.12878,  39.62513
 -75.12296,  39.62455
 -75.11711,  39.62482
 -75.11125,  39.62581
 -75.10636,  39.62825
 -75.10532,  39.63008
 -75.10391,  39.63272
 -75.10387,  39.63721
 -75.10294,  39.64170
 -75.10079,  39.64616
 -75.09906,  39.64867
 -75.09752,  39.65062
 -75.09308,  39.65493
 -75.09228,  39.65505
 -75.08722,  39.65588
 -75.08459,  39.65495
 -75.08144,  39.65333
 -75.07565,  39.65060
 -75.07195,  39.65027
 -75.06982,  39.65019
 -75.06968,  39.65024
 -75.06400,  39.65467
 -75.06388,  39.65471
 -75.05798,  39.65715
 -75.05522,  39.65904
 -75.05202,  39.66233
 -75.05028,  39.66347
 -75.04609,  39.66617
 -75.04156,  39.66784
 -75.04018,  39.66915
 -75.03447,  39.67225
 -75.03426,  39.67229
 -75.02837,  39.67455
 -75.02266,  39.67658
 -75.02248,  39.67671
 -75.01657,  39.67924
 -75.01425,  39.68096
 -75.01064,  39.68309
 -75.00528,  39.68083
 -75.00485,  39.68056
 -74.99904,  39.67952
 -74.99838,  39.67624
 -74.99530,  39.67170
 -74.99423,  39.66718
 -74.99373,  39.66268
 -74.99570,  39.65821
 -74.99960,  39.65577
 -75.00282,  39.65382
 -75.00555,  39.65112
 -75.00787,  39.64939
 -75.00986,  39.64492
 -75.01158,  39.64339
 -75.01380,  39.64048
 -75.01509,  39.63600
 -75.01646,  39.63152
 -75.01778,  39.62809
 -75.01842,  39.62705
 -75.02214,  39.62260
 -75.02384,  39.61886
 -75.02407,  39.61814
 -75.02399,  39.61364
 -75.02458,  39.60915
 -75.02414,  39.60623
 -75.02390,  39.60464
 -75.02424,  39.60015
 -75.02428,  39.60011
 -75.02744,  39.59570
 -75.03027,  39.59387
 -75.03616,  39.59137
 -75.03642,  39.59132
 -75.04204,  39.58938
 -75.04320,  39.58693
 -75.04655,  39.58247
 -75.04725,  39.57798
 -75.04823,  39.57425
 -75.04848,  39.57350
 -75.04826,  39.57261
 -75.04734,  39.56899
 -75.04430,  39.56445
 -75.04270,  39.56091
 -75.04169,  39.55992
 -75.03709,  39.55536
 -75.03700,  39.55526
 -75.03250,  39.55080
 -75.03132,  39.54876
 -75.02963,  39.54626
 -75.02921,  39.54176
 -75.02951,  39.53727
 -75.03167,  39.53395
 -75.03217,  39.53280
 -75.03315,  39.52832
 -75.03187,  39.52551
 -75.03055,  39.52379
 -75.02686,  39.51924
 -75.02619,  39.51889
 -75.02044,  39.51548
 -75.01702,  39.51460
 -75.01466,  39.51352
 -75.00885,  39.51268
 -75.00307,  39.51028
 -75.00191,  39.50989
 -74.99733,  39.50698
 -74.99590,  39.50531
 -74.99245,  39.50076
 -74.99171,  39.49825
 -74.99066,  39.49624
 -74.99055,  39.49174
 -74.99196,  39.48766
 -74.99213,  39.48727
 -74.99788,  39.48403
 -75.00272,  39.48292
 -75.00373,  39.48270
 -75.00463,  39.48295
 -75.00954,  39.48371
 -75.01534,  39.48448
 -75.02114,  39.48597
 -75.02573,  39.48774
 -75.02690,  39.48870
 -75.03268,  39.49096
 -75.03590,  39.49238
 -75.03845,  39.49307
 -75.04082,  39.49245
 -75.04431,  39.49160
 -75.05019,  39.48971
 -75.05155,  39.48810
 -75.05610,  39.48595
 -75.06102,  39.48373
 -75.06199,  39.48329
 -75.06593,  39.47931
 -75.06800,  39.47505
 -75.06810,  39.47484
 -75.06841,  39.47034
 -75.07094,  39.46588
 -75.07413,  39.46169
 -75.07503,  39.46144
 -75.08004,  39.45801
 -75.08588,  39.45714
 -75.08617,  39.45709
 -75.09174,  39.45608
 -75.09617,  39.45723
 -75.09753,  39.45763
 -75.10336,  39.45750
 -75.10405,  39.45734
 -75.10923,  39.45519
 -75.11504,  39.45550
 -75.11936,  39.45304
 -75.12102,  39.44876
 -75.12178,  39.44857
 -75.12103,  39.44843
 -75.12048,  39.44406
 -75.12074,  39.43957
 -75.11683,  39.43502
 -75.11556,  39.43221
 -75.11494,  39.43050
 -75.11445,  39.42599
 -75.11308,  39.42147
 -75.11140,  39.41696
 -75.11012,  39.41523
 -75.10956,  39.41244
 -75.10950,  39.40794
 -75.10993,  39.40345
 -75.11044,  39.40087
 -75.11629,  39.39915
 -75.11677,  39.39904
 -75.12214,  39.39819
 -75.12325,  39.39912
 -75.12785,  39.40285
 -75.13172,  39.40374
 -75.13364,  39.40408
 -75.13944,  39.40516
 -75.14526,  39.40501
 -75.15109,  39.40487
 -75.15691,  39.40461
 -75.16274,  39.40418
 -75.16306,  39.40414
 -75.16860,  39.40260
 -75.17442,  39.40248
 -75.18024,  39.40276
 -75.18604,  39.40338
 -75.19089,  39.40450
 -75.19183,  39.40468
 -75.19762,  39.40637
 -75.20342,  39.40705
 -75.20925,  39.40673
 -75.21106,  39.40475
 -75.21416,  39.40028
 -75.21085,  39.39575
 -75.20950,  39.39517
 -75.20413,  39.39117
 -75.20377,  39.39056
 -75.20063,  39.38663
 -75.19814,  39.38210
 -75.20084,  39.37764
 -75.20408,  39.37560
 -75.20775,  39.37323
 -75.20991,  39.36876
 -75.21004,  39.36866
 -75.21130,  39.36877
 -75.21584,  39.36945
 -75.21725,  39.36885
 -75.22172,  39.36682
 -75.22571,  39.36446
 -75.22762,  39.36244
 -75.22936,  39.36000
 -75.23358,  39.35564
 -75.23367,  39.35556
 -75.23946,  39.35275
 -75.24364,  39.35118
 -75.24532,  39.35063
 -75.25010,  39.35126
 -75.25111,  39.35141
 -75.25692,  39.35171
 -75.26273,  39.35218
 -75.26853,  39.35296
 -75.27437,  39.35174
 -75.28017,  39.35220
 -75.28107,  39.35163
 -75.28417,  39.34718
 -75.28613,  39.34527
 -75.28780,  39.34272
 -75.29137,  39.33826
 -75.29210,  39.33720
 -75.29521,  39.33381
 -75.29806,  39.32993
 -75.29937,  39.32936
 -75.30396,  39.32547
 -75.30466,  39.32493
 -75.30981,  39.32327
 -75.31271,  39.32053
 -75.31573,  39.31820
 -75.31880,  39.31610
 -75.32161,  39.31450
 -75.32518,  39.31168
 -75.32755,  39.30769
 -75.32822,  39.30721
 -75.33345,  39.30330
 -75.33624,  39.30281
 -75.33931,  39.30041
 -75.33977,  39.29835
 -75.33936,  39.29799
 -75.33356,  39.29742
 -75.32780,  39.29453
 -75.32694,  39.29370
 -75.32345,  39.28917
 -75.32214,  39.28699
 -75.32001,  39.28463
 -75.31692,  39.28010
 -75.32232,  39.27769
 -75.32815,  39.27657
 -75.33396,  39.27633
 -75.33767,  39.27584
 -75.33978,  39.27570
 -75.34026,  39.27587
 -75.34553,  39.27888
 -75.34863,  39.28046
 -75.35126,  39.28289
 -75.35704,  39.28482
 -75.35797,  39.28506
 -75.36282,  39.28632
 -75.36862,  39.28676
 -75.37440,  39.28875
 -75.38020,  39.28881
 -75.38152,  39.28982
 -75.38357,  39.29434
 -75.38516,  39.29886
 -75.38554,  39.30336
 -75.38480,  39.30785
 -75.38383,  39.31233
 -75.38022,  39.31679
 -75.37968,  39.31735
 -75.37381,  39.32027
 -75.37172,  39.32119
 -75.36796,  39.32255
 -75.36211,  39.32470
 -75.35859,  39.32554
 -75.35626,  39.32622
 -75.35043,  39.32767
 -75.34795,  39.32992
 -75.34768,  39.33441
 -75.35024,  39.33743
 -75.35104,  39.33895
 -75.35595,  39.34278
 -75.35834,  39.34352
 -75.36174,  39.34412
 -75.36391,  39.34359
 -75.36761,  39.34166
 -75.37343,  39.34112
 -75.37923,  39.34188
 -75.38374,  39.33931
 -75.38512,  39.33764
 -75.38757,  39.33485
 -75.39101,  39.33334
 -75.39623,  39.33045
 -75.39690,  39.32973
 -75.40274,  39.32799
 -75.40719,  39.32608
 -75.40859,  39.32568
 -75.41024,  39.32611
 -75.41438,  39.32703
 -75.41969,  39.33071
 -75.42013,  39.33099
 -75.42591,  39.33245
 -75.43159,  39.33533
 -75.43168,  39.33537
 -75.43746,  39.33704
 -75.44328,  39.33632
 -75.44475,  39.33547
 -75.44913,  39.33432
 -75.45309,  39.33106
 -75.45506,  39.32773
 -75.45583,  39.32659
 -75.45710,  39.32211
 -75.45826,  39.31762
 -75.45953,  39.31314
 -75.46100,  39.30866
 -75.46090,  39.30416
 -75.46130,  39.30320
 -75.46297,  39.29968
 -75.46213,  39.29518
 -75.46326,  39.29069
 -75.46548,  39.28622
 -75.46744,  39.28423
 -75.46998,  39.28177
 -75.47334,  39.27835
 -75.47386,  39.27731
 -75.47923,  39.27382
 -75.48107,  39.27289
 -75.48510,  39.27034
 -75.48783,  39.26846
 -75.49097,  39.26706
 -75.49676,  39.26787
 -75.50257,  39.26753
 -75.50838,  39.26740
 -75.51364,  39.26872
 -75.51416,  39.26916
 -75.51832,  39.27326
 -75.51769,  39.27775
 -75.51731,  39.28225
 -75.51539,  39.28672
 -75.51382,  39.28998
 -75.51295,  39.29119
 -75.50793,  39.29456
 -75.50212,  39.29485
 -75.49996,  39.29556
 -75.49627,  39.29730
 -75.49275,  39.29999
 -75.49617,  39.30305
 -75.50196,  39.30448
 -75.50780,  39.30271
 -75.51361,  39.30269
 -75.51939,  39.30461
 -75.52522,  39.30345
 -75.53105,  39.30213
 -75.53335,  39.30039
 -75.53693,  39.29788
 -75.54218,  39.29597
 -75.54278,  39.29574
 -75.54861,  39.29404
 -75.55445,  39.29267
 -75.56025,  39.29307
 -75.56597,  39.29620
 -75.56601,  39.29625
 -75.56856,  39.30072
 -75.57066,  39.30524
 -75.57167,  39.30622
 -75.57494,  39.30978
 -75.57740,  39.31147
 -75.58319,  39.31283
 -75.58898,  39.31383
 -75.59479,  39.31435
 -75.59594,  39.31447
 -75.60059,  39.31499
 -75.60628,  39.31456
 -75.60641,  39.31454
 -75.61225,  39.31282
 -75.61475,  39.31014
 -75.61451,  39.30564
 -75.61437,  39.30114
 -75.61361,  39.29664
 -75.61338,  39.29214
 -75.61336,  39.28765
 -75.61372,  39.28315
 -75.61506,  39.27867
 -75.61862,  39.27540
 -75.62167,  39.27423
 -75.62447,  39.27312
 -75.63031,  39.27043
 -75.63608,  39.27312
 -75.64008,  39.27439
 -75.64186,  39.27499
 -75.64681,  39.27895
 -75.64760,  39.27986
 -75.65334,  39.28350
 -75.65336,  39.28351
 -75.65913,  39.28615
 -75.66069,  39.28806
 -75.66347,  39.29258
 -75.66483,  39.29388
 -75.67060,  39.29671
 -75.67236,  39.29715
 -75.67638,  39.29857
 -75.68217,  39.30013
 -75.68613,  39.30177
 -75.68795,  39.30230
 -75.69012,  39.30180
 -75.69378,  39.30136
 -75.69433,  39.30184
 -75.69956,  39.30299
 -75.70238,  39.30190
 -75.70543,  39.29890
 -75.70857,  39.29746
 -75.71128,  39.29630
 -75.71387,  39.29750
 -75.71705,  39.29950
 -75.72283,  39.30133
 -75.72388,  39.30208
 -75.72861,  39.30353
 -75.73194,  39.30215
 -75.73450,  39.29815
 -75.73466,  39.29767
 -75.74036,  39.29367
 -75.74165,  39.29323
 -75.74464,  39.28876
 -75.74049,  39.28482
 -75.73938,  39.28422
 -75.73473,  39.28072
 -75.73358,  39.27967
 -75.72896,  39.27780
 -75.72476,  39.27960
 -75.72311,  39.28102
 -75.71730,  39.28064
 -75.71607,  39.27953
 -75.71154,  39.27686
 -75.70573,  39.27682
 -75.70296,  39.27943
 -75.69986,  39.28160
 -75.69711,  39.27938
 -75.69885,  39.27490
 -75.69885,  39.27040
 -75.70003,  39.26957
 -75.70392,  39.26594
 -75.70590,  39.26489
 -75.71175,  39.26210
 -75.71303,  39.26152
 -75.71761,  39.25832
 -75.71944,  39.25707
 -75.72346,  39.25504
 -75.72929,  39.25317
 -75.73049,  39.25267
 -75.73515,  39.24932
 -75.73808,  39.24823
 -75.74098,  39.24704
 -75.74279,  39.24827
 -75.74674,  39.25089
 -75.75253,  39.25208
 -75.75836,  39.25018
 -75.76418,  39.24976
 -75.76755,  39.24846
 -75.77001,  39.24750
 -75.77583,  39.24686
 -75.78165,  39.24549
 -75.78640,  39.24411
 -75.78749,  39.24273
 -75.79331,  39.24134
 -75.79774,  39.23970
 -75.79914,  39.23943
 -75.80093,  39.23972
 -75.80492,  39.24128
 -75.80637,  39.23976
 -75.81077,  39.23808
 -75.81656,  39.23921
 -75.82236,  39.23953
 -75.82265,  39.23988
END
 -13.00000, -76.09177,  39.24602
 -76.09272,  39.25052
 -76.08931,  39.25402
 -76.08394,  39.25497
 -76.08350,  39.25505
 -76.07768,  39.25522
 -76.07580,  39.25493
 -76.07188,  39.25409
 -76.06671,  39.25039
 -76.07087,  39.24591
 -76.07196,  39.24554
 -76.07777,  39.24461
 -76.08358,  39.24430
 -76.08939,  39.24439
 -76.09177,  39.24602
END
 -13.00000, -76.02277,  39.24566
 -76.02551,  39.24592
 -76.03130,  39.24707
 -76.03349,  39.25021
 -76.03125,  39.25296
 -76.02544,  39.25394
 -76.02228,  39.25465
 -76.01962,  39.25493
 -76.01441,  39.25910
 -76.01376,  39.26028
 -76.00970,  39.26357
 -76.00791,  39.26430
 -76.00210,  39.26509
 -75.99631,  39.26392
 -75.99338,  39.26797
 -75.99186,  39.27246
 -75.99040,  39.27324
 -75.98908,  39.27245
 -75.98850,  39.26794
 -75.99047,  39.26651
 -75.99603,  39.26349
 -75.99586,  39.25899
 -75.99636,  39.25830
 -76.00219,  39.25575
 -76.00800,  39.25562
 -76.01380,  39.25608
 -76.01649,  39.25462
 -76.01491,  39.25011
 -76.01939,  39.24564
 -76.01971,  39.24552
 -76.02277,  39.24566
END
 -13.00000, -75.98102,  39.24992
 -75.97900,  39.25216
 -75.97318,  39.25396
 -75.97160,  39.25436
 -75.96735,  39.25527
 -75.96556,  39.25881
 -75.96419,  39.26331
 -75.96145,  39.26500
 -75.95598,  39.26775
 -75.95560,  39.26817
 -75.95156,  39.27222
 -75.94974,  39.27387
 -75.94812,  39.27220
 -75.94561,  39.26769
 -75.94401,  39.26638
 -75.93927,  39.26315
 -75.93825,  39.26156
 -75.93477,  39.25863
 -75.93832,  39.25529
 -75.94053,  39.25417
 -75.94414,  39.25352
 -75.94897,  39.25422
 -75.94994,  39.25427
 -75.95072,  39.25423
 -75.95575,  39.25375
 -75.96024,  39.25429
 -75.96156,  39.25443
 -75.96281,  39.25431
 -75.96535,  39.24982
 -75.96743,  39.24712
 -75.97324,  39.24649
 -75.97903,  39.24791
 -75.98102,  39.24992
END
 -13.00000, -75.83158,  39.24894
 -75.82803,  39.25170
 -75.82648,  39.24891
 -75.82808,  39.24697
 -75.83158,  39.24894
END
 -13.00000, -75.59007,  39.25146
 -75.58994,  39.25154
 -75.58987,  39.25146
 -75.58995,  39.25100
 -75.59007,  39.25146
END
 -13.00000, -76.00385,  39.28602
 -76.00559,  39.29053
 -76.00182,  39.29483
 -75.99601,  39.29440
 -75.99214,  39.29045
 -75.99512,  39.28597
 -75.99609,  39.28550
 -76.00191,  39.28485
 -76.00385,  39.28602
END
 -13.00000, -76.24162,  39.30961
 -76.23993,  39.31208
 -76.23412,  39.31227
 -76.22829,  39.31388
 -76.22250,  39.31283
 -76.21669,  39.31135
 -76.21402,  39.30951
 -76.21671,  39.30847
 -76.22253,  39.30725
 -76.22834,  39.30647
 -76.23415,  39.30742
 -76.23996,  39.30761
 -76.24162,  39.30961
END
 -13.00000, -76.14117,  39.30920
 -76.14116,  39.30922
 -76.13532,  39.31236
 -76.13393,  39.31367
 -76.12949,  39.31477
 -76.12612,  39.31363
 -76.12399,  39.30912
 -76.12956,  39.30564
 -76.13537,  39.30629
 -76.14116,  39.30918
 -76.14117,  39.30920
END
 -13.00000, -76.04138,  39.30871
 -76.04236,  39.30987
 -76.04262,  39.30872
 -76.04237,  39.30847
 -76.04138,  39.30871
END
 -13.00000, -75.73982,  39.31120
 -75.74013,  39.31140
 -75.74139,  39.31122
 -75.74014,  39.31034
 -75.73982,  39.31120
END
 -13.00000, -76.20402,  39.31846
 -76.20158,  39.32295
 -76.19917,  39.32381
 -76.19731,  39.32293
 -76.19605,  39.31843
 -76.19922,  39.31647
 -76.20402,  39.31846
END
 -13.00000, -76.02943,  39.31764
 -76.03063,  39.32069
 -76.03233,  39.31765
 -76.03067,  39.31678
 -76.02943,  39.31764
END
 -13.00000, -75.71022,  39.31995
 -75.71095,  39.32006
 -75.71124,  39.31996
 -75.71096,  39.31966
 -75.71022,  39.31995
END
 -13.00000, -76.13968,  39.35866
 -76.14078,  39.35981
 -76.14114,  39.35867
 -76.14079,  39.35839
 -76.13968,  39.35866
END
 -13.00000, -76.11663,  39.38103
 -76.11734,  39.38192
 -76.12316,  39.38116
 -76.12326,  39.38107
 -76.12316,  39.38082
 -76.11736,  39.37991
 -76.11663,  39.38103
END
 -13.00000, -75.23785,  39.37809
 -75.23840,  39.38260
 -75.23884,  39.38297
 -75.24458,  39.38708
 -75.24464,  39.38718
 -75.24853,  39.39172
 -75.25028,  39.39246
 -75.25175,  39.39175
 -75.25514,  39.38730
 -75.25622,  39.38652
 -75.26092,  39.38287
 -75.26215,  39.38129
 -75.26282,  39.37840
 -75.26221,  39.37762
 -75.25642,  39.37659
 -75.25061,  39.37626
 -75.24477,  39.37762
 -75.23895,  39.37741
 -75.23785,  39.37809
END
 -13.00000, -76.21328,  39.40843
 -76.21235,  39.41292
 -76.21021,  39.41420
 -76.20768,  39.41290
 -76.20663,  39.40840
 -76.21026,  39.40608
 -76.21328,  39.40843
END
 -13.00000, -76.13536,  39.40810
 -76.13458,  39.40902
 -76.12874,  39.41202
 -76.12856,  39.41257
 -76.12495,  39.41704
 -76.12285,  39.42127
 -76.12266,  39.42153
 -76.12285,  39.42156
 -76.12865,  39.42329
 -76.13448,  39.42169
 -76.13473,  39.42159
 -76.13872,  39.41711
 -76.14035,  39.41634
 -76.14616,  39.41264
 -76.14619,  39.41252
 -76.14872,  39.40816
 -76.14624,  39.40646
 -76.14043,  39.40451
 -76.13536,  39.40810
END
 -13.00000, -76.11037,  39.42147
 -76.11120,  39.42187
 -76.11421,  39.42149
 -76.11122,  39.41925
 -76.11037,  39.42147
END
 -13.00000, -76.18289,  39.43528
 -76.18676,  39.43826
 -76.18971,  39.43981
 -76.18778,  39.44430
 -76.18671,  39.44513
 -76.18377,  39.44878
 -76.18087,  39.45326
 -76.18083,  39.45329
 -76.18061,  39.45326
 -76.17501,  39.45250
 -76.16920,  39.45131
 -76.16776,  39.44871
 -76.16576,  39.44420
 -76.16527,  39.43971
 -76.16909,  39.43523
 -76.16931,  39.43513
 -76.17514,  39.43414
 -76.18096,  39.43480
 -76.18289,  39.43528
END
 -13.00000, -76.11055,  39.43946
 -76.11106,  39.43982
 -76.11140,  39.43946
 -76.11106,  39.43930
 -76.11055,  39.43946
END
 -13.00000, -76.22557,  39.44895
 -76.22613,  39.45345
 -76.22740,  39.45563
 -76.23322,  39.45619
 -76.23905,  39.45566
 -76.24488,  39.45513
 -76.25070,  39.45499
 -76.25636,  39.45805
 -76.25613,  39.46255
 -76.25064,  39.46512
 -76.24482,  39.46494
 -76.23900,  39.46436
 -76.23318,  39.46331
 -76.22927,  39.46245
 -76.22737,  39.46124
 -76.22598,  39.45794
 -76.22158,  39.45574
 -76.21576,  39.45544
 -76.21274,  39.45339
 -76.21146,  39.44889
 -76.21582,  39.44611
 -76.22165,  39.44534
 -76.22557,  39.44895
END
 -13.00000, -76.11972,  39.45749
 -76.11672,  39.45995
 -76.11518,  39.46197
 -76.11669,  39.46373
 -76.12252,  39.46350
 -76.12442,  39.46201
 -76.12482,  39.45751
 -76.12257,  39.45630
 -76.11972,  39.45749
END
 -13.00000, -76.21204,  39.46688
 -76.21209,  39.47137
 -76.20982,  39.47344
 -76.20398,  39.47495
 -76.19815,  39.47534
 -76.19233,  39.47456
 -76.18652,  39.47200
 -76.18595,  39.47127
 -76.18655,  39.46923
 -76.18806,  39.46679
 -76.19240,  39.46515
 -76.19823,  39.46441
 -76.20406,  39.46408
 -76.20988,  39.46433
 -76.21204,  39.46688
END
 -13.00000, -75.11952,  39.45754
 -75.12082,  39.45776
 -75.12102,  39.45756
 -75.12086,  39.45582
 -75.11952,  39.45754
END
 -13.00000, -76.02206,  39.48397
 -76.02328,  39.48843
 -76.02416,  39.48398
 -76.02332,  39.48378
 -76.02206,  39.48397
END
 -13.00000, -76.09425,  39.48885
 -76.09317,  39.49108
 -76.08733,  39.49301
 -76.08405,  39.48880
 -76.08739,  39.48467
 -76.09322,  39.48544
 -76.09425,  39.48885
END
 -13.00000, -76.27361,  39.50757
 -76.27370,  39.50813
 -76.27406,  39.51207
 -76.27367,  39.51237
 -76.26783,  39.51436
 -76.26200,  39.51464
 -76.25618,  39.51278
 -76.25526,  39.51200
 -76.25569,  39.50751
 -76.25622,  39.50711
 -76.26205,  39.50528
 -76.26788,  39.50557
 -76.27361,  39.50757
END
 -13.00000, -76.23912,  39.51194
 -76.23870,  39.51210
 -76.23852,  39.51194
 -76.23871,  39.51057
 -76.23912,  39.51194
END
 -13.00000, -75.96831,  39.51064
 -75.97060,  39.51175
 -75.97355,  39.51067
 -75.97064,  39.50767
 -75.96831,  39.51064
END
 -13.00000, -76.13617,  39.52951
 -76.13875,  39.53402
 -76.13946,  39.53420
 -76.14024,  39.53402
 -76.14363,  39.52954
 -76.13950,  39.52789
 -76.13617,  39.52951
END
 -13.00000, -75.97010,  39.52864
 -75.96457,  39.53258
 -75.95947,  39.53307
 -75.96453,  39.53620
 -75.97038,  39.53416
 -75.97225,  39.53315
 -75.97076,  39.52864
 -75.97044,  39.52857
 -75.97010,  39.52864
END
 -13.00000, -76.19291,  39.53874
 -76.19188,  39.54146
 -76.18935,  39.54322
 -76.18603,  39.54422
 -76.18018,  39.54536
 -76.17437,  39.54395
 -76.17205,  39.54315
 -76.16856,  39.54013
 -76.16801,  39.53864
 -76.16858,  39.53811
 -76.17442,  39.53640
 -76.18026,  39.53496
 -76.18608,  39.53617
 -76.19190,  39.53769
 -76.19291,  39.53874
END
 -13.00000, -75.92895,  39.54187
 -75.92948,  39.54216
 -75.92995,  39.54188
 -75.92950,  39.54033
 -75.92895,  39.54187
END
 -13.00000, -75.89613,  39.54166
 -75.89449,  39.54324
 -75.88863,  39.54565
 -75.88367,  39.54608
 -75.88279,  39.54618
 -75.87696,  39.54613
 -75.87602,  39.54603
 -75.87114,  39.54541
 -75.87003,  39.54599
 -75.86525,  39.55035
 -75.86519,  39.55045
 -75.86443,  39.55494
 -75.86289,  39.55943
 -75.86119,  39.56391
 -75.85925,  39.56479
 -75.85592,  39.56837
 -75.85915,  39.57283
 -75.86502,  39.57044
 -75.86988,  39.56847
 -75.87088,  39.56782
 -75.87616,  39.56401
 -75.87676,  39.56380
 -75.88261,  39.56257
 -75.88844,  39.56247
 -75.89428,  39.56179
 -75.90013,  39.56039
 -75.90055,  39.55968
 -75.90083,  39.55519
 -75.90399,  39.55070
 -75.90471,  39.54622
 -75.90434,  39.54171
 -75.90038,  39.53768
 -75.89613,  39.54166
END
 -13.00000, -75.78850,  39.54990
 -75.78406,  39.55436
 -75.78355,  39.55454
 -75.77768,  39.55789
 -75.77649,  39.55880
 -75.77326,  39.56327
 -75.77177,  39.56443
 -75.76762,  39.56773
 -75.76587,  39.56909
 -75.76321,  39.56769
 -75.76006,  39.56739
 -75.75923,  39.56766
 -75.75563,  39.57213
 -75.75995,  39.57570
 -75.76235,  39.57668
 -75.76572,  39.58099
 -75.76603,  39.58120
 -75.77152,  39.58290
 -75.77242,  39.58125
 -75.77349,  39.57676
 -75.77747,  39.57487
 -75.78329,  39.57489
 -75.78912,  39.57608
 -75.79206,  39.57690
 -75.79491,  39.57891
 -75.80073,  39.58037
 -75.80367,  39.57699
 -75.80661,  39.57637
 -75.81245,  39.57566
 -75.81828,  39.57591
 -75.82413,  39.57431
 -75.82998,  39.57371
 -75.83164,  39.57270
 -75.83420,  39.56821
 -75.83590,  39.56631
 -75.84176,  39.56396
 -75.84221,  39.56378
 -75.84497,  39.55930
 -75.84185,  39.55652
 -75.83601,  39.55758
 -75.83018,  39.55743
 -75.82433,  39.55909
 -75.81850,  39.55817
 -75.81638,  39.55910
 -75.81270,  39.56357
 -75.81260,  39.56364
 -75.80676,  39.56451
 -75.80093,  39.56386
 -75.79977,  39.56347
 -75.79515,  39.55989
 -75.79386,  39.55893
 -75.79272,  39.55443
 -75.79077,  39.54992
 -75.78945,  39.54932
 -75.78850,  39.54990
END
 -13.00000, -75.71914,  39.54936
 -75.71946,  39.55030
 -75.71958,  39.54936
 -75.71947,  39.54932
 -75.71914,  39.54936
END
 -13.00000, -75.70557,  39.54925
 -75.70193,  39.55256
 -75.70007,  39.55370
 -75.69603,  39.55780
 -75.69544,  39.55816
 -75.69601,  39.55879
 -75.70181,  39.56173
 -75.70509,  39.55824
 -75.70771,  39.55642
 -75.71356,  39.55500
 -75.71669,  39.55384
 -75.71359,  39.55289
 -75.70959,  39.54928
 -75.70782,  39.54895
 -75.70557,  39.54925
END
 -13.00000, -76.19941,  39.56575
 -76.20337,  39.56613
 -76.20921,  39.56662
 -76.21194,  39.57029
 -76.20916,  39.57324
 -76.20332,  39.57407
 -76.20171,  39.57475
 -76.19747,  39.57615
 -76.19527,  39.57922
 -76.19263,  39.58371
 -76.19158,  39.58431
 -76.18575,  39.58533
 -76.17991,  39.58553
 -76.17407,  39.58530
 -76.16824,  39.58425
 -76.16727,  39.58360
 -76.16519,  39.57910
 -76.16443,  39.57460
 -76.16434,  39.57010
 -76.16748,  39.56562
 -76.16838,  39.56512
 -76.17422,  39.56445
 -76.18005,  39.56506
 -76.18518,  39.56569
 -76.18587,  39.56581
 -76.19171,  39.56591
 -76.19502,  39.56573
 -76.19754,  39.56564
 -76.19941,  39.56575
END
 -13.00000, -76.13961,  39.56999
 -76.13918,  39.57031
 -76.13878,  39.56998
 -76.13918,  39.56968
 -76.13961,  39.56999
END
 -13.00000, -74.98346,  39.55909
 -74.98440,  39.55993
 -74.98891,  39.56367
 -74.99012,  39.56450
 -74.99281,  39.56823
 -74.99237,  39.57271
 -74.98986,  39.57512
 -74.98508,  39.57711
 -74.98396,  39.57782
 -74.97806,  39.58082
 -74.97237,  39.57693
 -74.97231,  39.57690
 -74.96908,  39.57238
 -74.96980,  39.56789
 -74.97264,  39.56365
 -74.97282,  39.56344
 -74.97582,  39.55899
 -74.97861,  39.55764
 -74.98346,  39.55909
END
 -13.00000, -74.90455,  39.56244
 -74.90263,  39.56363
 -74.90019,  39.56237
 -74.90271,  39.56059
 -74.90455,  39.56244
END
 -13.00000, -75.93153,  39.57786
 -75.93493,  39.57907
 -75.93752,  39.58239
 -75.94072,  39.58334
 -75.94588,  39.58245
 -75.94659,  39.57962
 -75.95031,  39.57798
 -75.94662,  39.57718
 -75.94080,  39.57531
 -75.93496,  39.57578
 -75.93153,  39.57786
END
 -13.00000, -76.15228,  39.58804
 -76.15173,  39.59253
 -76.15067,  39.59317
 -76.14483,  39.59452
 -76.13899,  39.59544
 -76.13315,  39.59605
 -76.12731,  39.59628
 -76.12148,  39.59618
 -76.11565,  39.59539
 -76.11149,  39.59234
 -76.11134,  39.58785
 -76.11574,  39.58462
 -76.12157,  39.58384
 -76.12741,  39.58379
 -76.13324,  39.58398
 -76.13907,  39.58463
 -76.14490,  39.58559
 -76.15073,  39.58694
 -76.15228,  39.58804
END
 -13.00000, -74.95745,  39.58571
 -74.96036,  39.58872
 -74.96098,  39.59025
 -74.96111,  39.59475
 -74.96317,  39.59928
 -74.96349,  39.60378
 -74.96199,  39.60826
 -74.96113,  39.61275
 -74.95974,  39.61401
 -74.95383,  39.61704
 -74.95335,  39.61713
 -74.94796,  39.61831
 -74.94205,  39.62120
 -74.93623,  39.62048
 -74.93345,  39.62133
 -74.93035,  39.62193
 -74.92911,  39.62127
 -74.92460,  39.61853
 -74.91871,  39.62076
 -74.91360,  39.61654
 -74.91302,  39.61486
 -74.90734,  39.61195
 -74.90730,  39.61017
 -74.90723,  39.61195
 -74.90134,  39.61460
 -74.89551,  39.61472
 -74.88967,  39.61441
 -74.88390,  39.61219
 -74.87807,  39.61172
 -74.87721,  39.61150
 -74.87230,  39.60911
 -74.86864,  39.60686
 -74.86655,  39.60550
 -74.86230,  39.60227
 -74.86140,  39.59776
 -74.86355,  39.59330
 -74.86492,  39.58882
 -74.86704,  39.58663
 -74.87258,  39.58444
 -74.87293,  39.58436
 -74.87878,  39.58424
 -74.88463,  39.58357
 -74.88830,  39.58468
 -74.89043,  39.58502
 -74.89523,  39.58928
 -74.89612,  39.59051
 -74.89928,  39.59384
 -74.90181,  39.59636
 -74.90344,  39.59840
 -74.90442,  39.60291
 -74.90736,  39.60743
 -74.90749,  39.60745
 -74.91314,  39.60987
 -74.91455,  39.60756
 -74.91908,  39.60594
 -74.92228,  39.60318
 -74.92507,  39.59948
 -74.92557,  39.59873
 -74.92852,  39.59427
 -74.93108,  39.59265
 -74.93480,  39.58987
 -74.93703,  39.58794
 -74.94255,  39.58549
 -74.94293,  39.58537
 -74.94881,  39.58390
 -74.95464,  39.58401
 -74.95745,  39.58571
END
 -13.00000, -75.81335,  39.59954
 -75.81215,  39.60071
 -75.80630,  39.60152
 -75.80134,  39.60395
 -75.80043,  39.60410
 -75.80011,  39.60394
 -75.79638,  39.59941
 -75.80054,  39.59524
 -75.80635,  39.59772
 -75.81217,  39.59847
 -75.81335,  39.59954
END
 -13.00000, -75.94305,  39.61840
 -75.94196,  39.62289
 -75.94029,  39.62380
 -75.93445,  39.62432
 -75.92860,  39.62478
 -75.92278,  39.62408
 -75.91857,  39.62275
 -75.91698,  39.61989
 -75.91668,  39.61824
 -75.91701,  39.61789
 -75.92286,  39.61614
 -75.92870,  39.61543
 -75.93454,  39.61590
 -75.94037,  39.61646
 -75.94305,  39.61840
END
 -13.00000, -75.82055,  39.61758
 -75.82144,  39.62209
 -75.81771,  39.62309
 -75.81629,  39.62205
 -75.81666,  39.61755
 -75.81779,  39.61682
 -75.82055,  39.61758
END
 -13.00000, -75.73611,  39.61694
 -75.73664,  39.62145
 -75.73599,  39.62239
 -75.73011,  39.62588
 -75.72964,  39.62589
 -75.72427,  39.62618
 -75.72296,  39.62583
 -75.71844,  39.62459
 -75.71262,  39.62424
 -75.70679,  39.62326
 -75.70269,  39.62117
 -75.70342,  39.61668
 -75.70689,  39.61574
 -75.71274,  39.61542
 -75.71857,  39.61511
 -75.72443,  39.61364
 -75.73027,  39.61377
 -75.73606,  39.61690
 -75.73611,  39.61694
END
 -13.00000, -74.99726,  39.61326
 -75.00059,  39.61456
 -75.00468,  39.61787
 -75.00549,  39.62237
 -75.00390,  39.62684
 -75.00232,  39.63132
 -75.00016,  39.63257
 -74.99429,  39.63365
 -74.98844,  39.63425
 -74.98335,  39.63105
 -74.98270,  39.63023
 -74.97816,  39.62648
 -74.97697,  39.62555
 -74.97469,  39.62193
 -74.97517,  39.61744
 -74.97723,  39.61519
 -74.98180,  39.61304
 -74.98312,  39.61245
 -74.98903,  39.60964
 -74.99481,  39.61203
 -74.99726,  39.61326
END
 -13.00000, -75.43307,  39.62764
 -75.43490,  39.63215
 -75.43694,  39.63668
 -75.43309,  39.64113
 -75.43209,  39.64128
 -75.42625,  39.64164
 -75.42035,  39.64487
 -75.41609,  39.64545
 -75.41448,  39.64620
 -75.41122,  39.64539
 -75.40867,  39.64489
 -75.40523,  39.64533
 -75.40281,  39.64570
 -75.40057,  39.64528
 -75.39699,  39.64474
 -75.39209,  39.64069
 -75.39369,  39.63622
 -75.39719,  39.63338
 -75.40110,  39.63179
 -75.40308,  39.63094
 -75.40777,  39.62737
 -75.40900,  39.62682
 -75.41486,  39.62563
 -75.42071,  39.62468
 -75.42653,  39.62554
 -75.43234,  39.62705
 -75.43307,  39.62764
END
 -13.00000, -75.32362,  39.63993
 -75.32109,  39.64376
 -75.31876,  39.63987
 -75.32119,  39.63855
 -75.32362,  39.63993
END
 -13.00000, -75.68933,  39.66602
 -75.69433,  39.67056
 -75.68857,  39.67385
 -75.68516,  39.67049
 -75.68818,  39.66602
 -75.68868,  39.66582
 -75.68933,  39.66602
END
 -13.00000, -74.97584,  39.66692
 -74.97434,  39.67140
 -74.96996,  39.67366
 -74.96729,  39.67130
 -74.96774,  39.66680
 -74.97023,  39.66259
 -74.97584,  39.66692
END
 -13.00000, -74.92446,  39.69765
 -74.92293,  39.70212
 -74.92250,  39.70236
 -74.91665,  39.70277
 -74.91080,  39.70275
 -74.90826,  39.70190
 -74.90664,  39.69738
 -74.91100,  39.69497
 -74.91688,  39.69355
 -74.92269,  39.69472
 -74.92446,  39.69765
END
 -12.00000, -75.77370,  39.32046
 -75.76903,  39.32387
 -75.76446,  39.32038
 -75.76913,  39.31645
 -75.77370,  39.32046
END
 -12.00000, -75.81020,  39.33871
 -75.81065,  39.34322
 -75.81075,  39.34771
 -75.80939,  39.35032
 -75.80782,  39.34769
 -75.80365,  39.34443
 -75.79784,  39.34375
 -75.79383,  39.34309
 -75.79206,  39.34122
 -75.78627,  39.33965
 -75.78456,  39.34303
 -75.78040,  39.34377
 -75.77829,  39.34298
 -75.77656,  39.33847
 -75.78049,  39.33632
 -75.78629,  39.33827
 -75.79210,  39.33826
 -75.79792,  39.33761
 -75.80373,  39.33833
 -75.80954,  39.33827
 -75.81020,  39.33871
END
 -12.00000, -75.93294,  39.34855
 -75.93204,  39.35304
 -75.93147,  39.35353
 -75.93040,  39.35303
 -75.92810,  39.34851
 -75.93154,  39.34702
 -75.93294,  39.34855
END
 -12.00000, -76.04390,  39.35818
 -76.04227,  39.36267
 -76.04188,  39.36281
 -76.04072,  39.36266
 -76.03656,  39.35815
 -76.04193,  39.35711
 -76.04390,  39.35818
END
 -12.00000, -75.87051,  39.35713
 -75.87325,  39.36049
 -75.87591,  39.36166
 -75.87323,  39.36194
 -75.86737,  39.36556
 -75.86687,  39.36610
 -75.86409,  39.37058
 -75.86570,  39.37508
 -75.86705,  39.37959
 -75.86136,  39.38240
 -75.85552,  39.38387
 -75.85538,  39.38401
 -75.84968,  39.38654
 -75.84721,  39.38845
 -75.84551,  39.39293
 -75.84377,  39.39410
 -75.83794,  39.39498
 -75.83212,  39.39535
 -75.82629,  39.39543
 -75.82068,  39.39725
 -75.82044,  39.39869
 -75.81461,  39.39961
 -75.81335,  39.40169
 -75.80874,  39.40382
 -75.80611,  39.40614
 -75.80465,  39.41062
 -75.80280,  39.41348
 -75.79697,  39.41466
 -75.79385,  39.41504
 -75.79114,  39.41523
 -75.78530,  39.41616
 -75.77948,  39.41622
 -75.77364,  39.41808
 -75.76782,  39.41753
 -75.76340,  39.41481
 -75.76357,  39.41032
 -75.76797,  39.40615
 -75.77074,  39.40587
 -75.77380,  39.40561
 -75.77962,  39.40511
 -75.78546,  39.40382
 -75.79130,  39.40246
 -75.79285,  39.40154
 -75.79340,  39.39705
 -75.79377,  39.39256
 -75.79493,  39.38807
 -75.79731,  39.38667
 -75.80313,  39.38667
 -75.80662,  39.38816
 -75.80883,  39.39267
 -75.80888,  39.39272
 -75.81467,  39.39497
 -75.82047,  39.39673
 -75.82153,  39.39276
 -75.82150,  39.38826
 -75.82233,  39.38377
 -75.82645,  39.38276
 -75.83228,  39.38169
 -75.83442,  39.37936
 -75.83453,  39.37487
 -75.83237,  39.37379
 -75.82657,  39.37317
 -75.82073,  39.37424
 -75.81947,  39.37476
 -75.81490,  39.37590
 -75.80909,  39.37519
 -75.80731,  39.37467
 -75.80329,  39.37352
 -75.79749,  39.37304
 -75.79169,  39.37045
 -75.78848,  39.37003
 -75.79170,  39.36990
 -75.79755,  39.36735
 -75.80338,  39.36719
 -75.80920,  39.36674
 -75.81499,  39.36871
 -75.82079,  39.36940
 -75.82661,  39.36894
 -75.83245,  39.36774
 -75.83414,  39.37037
 -75.83819,  39.37410
 -75.84401,  39.37350
 -75.84982,  39.37433
 -75.85528,  39.37052
 -75.85180,  39.36599
 -75.84992,  39.36540
 -75.84411,  39.36524
 -75.83831,  39.36384
 -75.83665,  39.36139
 -75.83763,  39.35690
 -75.83840,  39.35625
 -75.84422,  39.35557
 -75.85004,  39.35512
 -75.85586,  39.35492
 -75.86168,  39.35492
 -75.86748,  39.35653
 -75.87051,  39.35713
END
 -12.00000, -75.89099,  39.36177
 -75.89067,  39.36224
 -75.88844,  39.36175
 -75.89069,  39.36052
 -75.89099,  39.36177
END
 -12.00000, -75.98586,  39.37135
 -75.98487,  39.37584
 -75.98431,  39.38034
 -75.98354,  39.38139
 -75.97769,  39.38467
 -75.97743,  39.38479
 -75.97185,  39.38716
 -75.96754,  39.38474
 -75.96606,  39.38343
 -75.96520,  39.38023
 -75.96611,  39.37902
 -75.97098,  39.37576
 -75.97196,  39.37533
 -75.97725,  39.37130
 -75.97784,  39.37002
 -75.98365,  39.37000
 -75.98586,  39.37135
END
 -12.00000, -75.78394,  39.37000
 -75.78004,  39.37192
 -75.77873,  39.37446
 -75.77418,  39.37618
 -75.76836,  39.37638
 -75.76602,  39.37886
 -75.76313,  39.38333
 -75.76244,  39.38370
 -75.75661,  39.38483
 -75.75078,  39.38591
 -75.74738,  39.38770
 -75.74491,  39.38990
 -75.74298,  39.39217
 -75.73904,  39.39341
 -75.73602,  39.39211
 -75.73463,  39.38760
 -75.73916,  39.38464
 -75.74265,  39.38317
 -75.74501,  39.38194
 -75.74763,  39.37872
 -75.75089,  39.37711
 -75.75674,  39.37430
 -75.75677,  39.37429
 -75.76260,  39.37135
 -75.76352,  39.36984
 -75.76847,  39.36732
 -75.77426,  39.36939
 -75.78008,  39.36983
 -75.78394,  39.37000
END
 -12.00000, -76.05565,  39.38073
 -76.05334,  39.38211
 -76.04752,  39.38281
 -76.04339,  39.38066
 -76.04758,  39.37644
 -76.05338,  39.37719
 -76.05565,  39.38073
END
 -12.00000, -75.92292,  39.37996
 -75.92155,  39.38445
 -75.91949,  39.38622
 -75.91667,  39.38891
 -75.91581,  39.39341
 -75.91442,  39.39789
 -75.91513,  39.40239
 -75.91929,  39.40572
 -75.92509,  39.40654
 -75.93092,  39.40569
 -75.93674,  39.40677
 -75.93870,  39.40704
 -75.94253,  39.40921
 -75.94311,  39.41156
 -75.94250,  39.41247
 -75.93665,  39.41440
 -75.93082,  39.41518
 -75.92500,  39.41541
 -75.91918,  39.41542
 -75.91786,  39.41590
 -75.91333,  39.41854
 -75.90751,  39.41859
 -75.90169,  39.41844
 -75.89928,  39.41578
 -75.89593,  39.41277
 -75.89398,  39.41125
 -75.89016,  39.40842
 -75.88649,  39.41120
 -75.88429,  39.41245
 -75.87844,  39.41560
 -75.87826,  39.41564
 -75.87275,  39.42010
 -75.87255,  39.42129
 -75.87025,  39.42458
 -75.86797,  39.42906
 -75.87245,  39.42989
 -75.87423,  39.42910
 -75.87830,  39.42719
 -75.88239,  39.42916
 -75.88410,  39.42951
 -75.88992,  39.42960
 -75.89572,  39.43145
 -75.90154,  39.43253
 -75.90412,  39.42930
 -75.90475,  39.42481
 -75.90746,  39.42236
 -75.91329,  39.42165
 -75.91909,  39.42428
 -75.92169,  39.42492
 -75.92489,  39.42614
 -75.93071,  39.42584
 -75.93491,  39.42500
 -75.93655,  39.42461
 -75.94238,  39.42299
 -75.94822,  39.42179
 -75.95395,  39.42063
 -75.95405,  39.42059
 -75.95426,  39.42063
 -75.95986,  39.42171
 -75.96519,  39.42069
 -75.96569,  39.42057
 -75.97155,  39.41668
 -75.97166,  39.41623
 -75.97684,  39.41177
 -75.97746,  39.40794
 -75.97858,  39.40728
 -75.97748,  39.40589
 -75.97167,  39.40473
 -75.96665,  39.40271
 -75.96588,  39.40161
 -75.96395,  39.39820
 -75.96595,  39.39530
 -75.97178,  39.39437
 -75.97729,  39.39828
 -75.97753,  39.40035
 -75.98334,  39.40216
 -75.98797,  39.39834
 -75.98920,  39.39794
 -75.99017,  39.39836
 -75.99091,  39.40285
 -75.99067,  39.40735
 -75.99491,  39.40905
 -75.99802,  39.41189
 -76.00068,  39.41384
 -76.00307,  39.41642
 -76.00366,  39.42092
 -76.00058,  39.42431
 -75.99547,  39.42537
 -75.99475,  39.42553
 -75.98893,  39.42535
 -75.98311,  39.42571
 -75.97837,  39.42527
 -75.97729,  39.42518
 -75.97150,  39.42232
 -75.96568,  39.42269
 -75.96545,  39.42519
 -75.96503,  39.42968
 -75.96558,  39.43209
 -75.97033,  39.43421
 -75.97137,  39.43428
 -75.97719,  39.43509
 -75.98299,  39.43702
 -75.98467,  39.43879
 -75.98406,  39.44329
 -75.98872,  39.44661
 -75.99075,  39.44782
 -75.98934,  39.45231
 -75.98866,  39.45258
 -75.98838,  39.45230
 -75.98751,  39.44780
 -75.98293,  39.44393
 -75.97710,  39.44488
 -75.97126,  39.44638
 -75.96544,  39.44595
 -75.96328,  39.44766
 -75.96160,  39.45215
 -75.95953,  39.45436
 -75.95721,  39.45662
 -75.95364,  39.46095
 -75.95348,  39.46109
 -75.95139,  39.46557
 -75.94772,  39.47005
 -75.94772,  39.47005
 -75.94185,  39.47449
 -75.94155,  39.47450
 -75.93602,  39.47494
 -75.93018,  39.47582
 -75.92798,  39.47892
 -75.92834,  39.48342
 -75.93009,  39.48499
 -75.93591,  39.48524
 -75.94173,  39.48543
 -75.94754,  39.48733
 -75.95153,  39.48806
 -75.94752,  39.48993
 -75.94652,  39.49252
 -75.94165,  39.49400
 -75.93583,  39.49340
 -75.93000,  39.49299
 -75.92830,  39.49241
 -75.92422,  39.48903
 -75.91840,  39.48813
 -75.91255,  39.49012
 -75.90672,  39.49049
 -75.90443,  39.49226
 -75.90087,  39.49312
 -75.89504,  39.49308
 -75.88920,  39.49439
 -75.88337,  39.49457
 -75.87754,  39.49521
 -75.87170,  39.49606
 -75.86900,  39.49652
 -75.86585,  39.49770
 -75.86002,  39.49832
 -75.85418,  39.49982
 -75.84846,  39.50087
 -75.84834,  39.50090
 -75.84829,  39.50087
 -75.84255,  39.49740
 -75.83981,  39.49631
 -75.83675,  39.49540
 -75.83094,  39.49396
 -75.82513,  39.49245
 -75.81930,  39.49278
 -75.81564,  39.49164
 -75.81364,  39.48713
 -75.81939,  39.48502
 -75.82522,  39.48517
 -75.83105,  39.48505
 -75.83688,  39.48428
 -75.84271,  39.48352
 -75.84691,  39.48287
 -75.84856,  39.48222
 -75.85440,  39.48058
 -75.86021,  39.48243
 -75.86129,  39.48297
 -75.86602,  39.48355
 -75.87183,  39.48443
 -75.87766,  39.48397
 -75.88348,  39.48433
 -75.88930,  39.48550
 -75.89512,  39.48593
 -75.90096,  39.48498
 -75.90301,  39.48325
 -75.90372,  39.47876
 -75.90106,  39.47560
 -75.89574,  39.47421
 -75.89526,  39.47403
 -75.88943,  39.47377
 -75.88361,  39.47319
 -75.87779,  39.47247
 -75.87199,  39.47115
 -75.86617,  39.47080
 -75.86436,  39.46950
 -75.86038,  39.46682
 -75.85532,  39.46495
 -75.85459,  39.46423
 -75.84879,  39.46173
 -75.84428,  39.46037
 -75.84885,  39.45718
 -75.85076,  39.45592
 -75.85471,  39.45424
 -75.86056,  39.45218
 -75.86140,  39.45150
 -75.86057,  39.45027
 -75.85475,  39.45046
 -75.84895,  39.44883
 -75.84311,  39.45017
 -75.83729,  39.45002
 -75.83148,  39.44842
 -75.82564,  39.45029
 -75.82292,  39.45123
 -75.82558,  39.45432
 -75.83140,  39.45547
 -75.83436,  39.45580
 -75.83678,  39.46032
 -75.83131,  39.46228
 -75.82550,  39.46166
 -75.81966,  39.46342
 -75.81382,  39.46392
 -75.80801,  39.46294
 -75.80651,  39.46010
 -75.80446,  39.45559
 -75.80231,  39.45325
 -75.79710,  39.45104
 -75.79652,  39.45082
 -75.79074,  39.44661
 -75.78487,  39.45057
 -75.78395,  39.45094
 -75.78483,  39.45379
 -75.79064,  39.45492
 -75.79200,  39.45549
 -75.79377,  39.46001
 -75.79060,  39.46448
 -75.79052,  39.46453
 -75.79028,  39.46448
 -75.78473,  39.46154
 -75.78364,  39.45993
 -75.78372,  39.45543
 -75.77901,  39.45395
 -75.77319,  39.45310
 -75.76736,  39.45335
 -75.76152,  39.45462
 -75.75570,  39.45483
 -75.74989,  39.45412
 -75.74551,  39.45065
 -75.74414,  39.44794
 -75.74281,  39.44613
 -75.73839,  39.44273
 -75.73710,  39.44158
 -75.73451,  39.43707
 -75.73267,  39.43505
 -75.73067,  39.43254
 -75.72694,  39.42836
 -75.72678,  39.42801
 -75.72116,  39.42509
 -75.71618,  39.42343
 -75.71732,  39.41894
 -75.72127,  39.41724
 -75.72707,  39.41825
 -75.73289,  39.41808
 -75.73657,  39.41910
 -75.73868,  39.42082
 -75.74017,  39.41913
 -75.74458,  39.41481
 -75.74490,  39.41466
 -75.75042,  39.41352
 -75.75426,  39.41474
 -75.75620,  39.41636
 -75.76007,  39.41928
 -75.76105,  39.42379
 -75.75607,  39.42646
 -75.75023,  39.42804
 -75.74987,  39.42819
 -75.75017,  39.43243
 -75.75600,  39.43213
 -75.76183,  39.43075
 -75.76276,  39.42829
 -75.76299,  39.42380
 -75.76776,  39.42237
 -75.77361,  39.42054
 -75.77940,  39.42252
 -75.78524,  39.42133
 -75.79105,  39.42257
 -75.79688,  39.42181
 -75.80270,  39.42197
 -75.80795,  39.41964
 -75.80856,  39.41870
 -75.81441,  39.41530
 -75.81452,  39.41519
 -75.82026,  39.41364
 -75.82610,  39.41130
 -75.83192,  39.41122
 -75.83267,  39.41083
 -75.83701,  39.40636
 -75.83781,  39.40600
 -75.84364,  39.40496
 -75.84931,  39.40195
 -75.84951,  39.40099
 -75.85537,  39.39754
 -75.85542,  39.39750
 -75.86120,  39.39627
 -75.86702,  39.39637
 -75.87285,  39.39556
 -75.87868,  39.39459
 -75.88145,  39.39318
 -75.88453,  39.39114
 -75.88728,  39.38872
 -75.89040,  39.38726
 -75.89622,  39.38577
 -75.90206,  39.38445
 -75.90356,  39.38433
 -75.90789,  39.38351
 -75.91372,  39.38241
 -75.91506,  39.37991
 -75.91961,  39.37581
 -75.92292,  39.37996
END
 -12.00000, -76.07250,  39.38981
 -76.07071,  39.39193
 -76.06942,  39.38979
 -76.07074,  39.38828
 -76.07250,  39.38981
END
 -12.00000, -76.00275,  39.38943
 -76.00089,  39.39227
 -75.99768,  39.38940
 -76.00093,  39.38754
 -76.00275,  39.38943
END
 -12.00000, -75.94299,  39.38908
 -75.94273,  39.38985
 -75.94128,  39.38907
 -75.94274,  39.38893
 -75.94299,  39.38908
END
 -12.00000, -75.71758,  39.39646
 -75.71571,  39.39802
 -75.71447,  39.40093
 -75.70981,  39.40376
 -75.70398,  39.40456
 -75.69816,  39.40431
 -75.69317,  39.40075
 -75.69518,  39.39627
 -75.69828,  39.39569
 -75.70410,  39.39539
 -75.70994,  39.39438
 -75.71577,  39.39302
 -75.71758,  39.39646
END
 -12.00000, -75.71289,  39.42790
 -75.71194,  39.43238
 -75.70939,  39.43405
 -75.70399,  39.43682
 -75.70352,  39.43745
 -75.69945,  39.44128
 -75.69763,  39.44237
 -75.69181,  39.44250
 -75.68900,  39.44119
 -75.68740,  39.43668
 -75.68611,  39.43340
 -75.68592,  39.43217
 -75.68613,  39.43181
 -75.69038,  39.42771
 -75.69202,  39.42728
 -75.69740,  39.42777
 -75.69783,  39.42791
 -75.70364,  39.42877
 -75.70467,  39.42783
 -75.70950,  39.42646
 -75.71289,  39.42790
END
 -12.00000, -76.04845,  39.43915
 -76.04701,  39.44000
 -76.04119,  39.43964
 -76.03537,  39.43982
 -76.03328,  39.44356
 -76.02949,  39.44656
 -76.02670,  39.44802
 -76.02364,  39.44935
 -76.01780,  39.45039
 -76.01199,  39.44994
 -76.01014,  39.44793
 -76.01201,  39.44717
 -76.01785,  39.44543
 -76.02169,  39.44350
 -76.02370,  39.44209
 -76.02525,  39.43902
 -76.02957,  39.43690
 -76.03538,  39.43872
 -76.04120,  39.43867
 -76.04702,  39.43870
 -76.04845,  39.43915
END
 -12.00000, -75.93399,  39.43849
 -75.93442,  39.44299
 -75.93633,  39.44477
 -75.94215,  39.44562
 -75.94798,  39.44516
 -75.95380,  39.44557
 -75.95960,  39.44694
 -75.96461,  39.44317
 -75.96426,  39.43867
 -75.95972,  39.43505
 -75.95390,  39.43583
 -75.94807,  39.43579
 -75.94226,  39.43489
 -75.93643,  39.43561
 -75.93399,  39.43849
END
 -12.00000, -75.73681,  39.45507
 -75.73810,  39.45958
 -75.73816,  39.45980
 -75.74287,  39.46412
 -75.74391,  39.46539
 -75.74786,  39.46865
 -75.74385,  39.46960
 -75.73801,  39.47160
 -75.73219,  39.47041
 -75.72633,  39.47296
 -75.72631,  39.47297
 -75.72192,  39.47744
 -75.72278,  39.48194
 -75.72620,  39.48323
 -75.73199,  39.48504
 -75.73405,  39.48653
 -75.73624,  39.49104
 -75.73396,  39.49552
 -75.73248,  39.50000
 -75.73177,  39.50164
 -75.72591,  39.50407
 -75.72488,  39.50444
 -75.72005,  39.50700
 -75.71423,  39.50629
 -75.71063,  39.50432
 -75.70844,  39.50352
 -75.70590,  39.49978
 -75.70271,  39.49658
 -75.69688,  39.49603
 -75.69105,  39.49710
 -75.68524,  39.49560
 -75.68491,  39.49512
 -75.68305,  39.49060
 -75.68536,  39.48738
 -75.68686,  39.48614
 -75.69122,  39.48510
 -75.69703,  39.48606
 -75.70287,  39.48512
 -75.70759,  39.48182
 -75.70866,  39.47733
 -75.70882,  39.47283
 -75.70653,  39.46832
 -75.70313,  39.46559
 -75.70084,  39.46377
 -75.70320,  39.46076
 -75.70383,  39.45930
 -75.70906,  39.45813
 -75.71488,  39.45867
 -75.72073,  39.45617
 -75.72568,  39.45498
 -75.72658,  39.45467
 -75.73241,  39.45403
 -75.73681,  39.45507
END
 -12.00000, -75.89609,  39.46073
 -75.90119,  39.46376
 -75.90330,  39.46077
 -75.90126,  39.45720
 -75.89609,  39.46073
END
 -12.00000, -76.01767,  39.47046
 -76.01762,  39.47047
 -76.01754,  39.47046
 -76.01762,  39.47043
 -76.01767,  39.47046
END
 -12.00000, -75.91023,  39.46981
 -75.91277,  39.47028
 -75.91858,  39.47178
 -75.92249,  39.46989
 -75.91862,  39.46728
 -75.91278,  39.46935
 -75.91023,  39.46981
END
 -12.00000, -75.77489,  39.46886
 -75.77297,  39.47019
 -75.76714,  39.47020
 -75.76412,  39.46878
 -75.76718,  39.46755
 -75.77300,  39.46764
 -75.77489,  39.46886
END
 -12.00000, -75.96107,  39.47912
 -75.95932,  39.48361
 -75.95924,  39.48370
 -75.95914,  39.48361
 -75.95801,  39.47910
 -75.95929,  39.47792
 -75.96107,  39.47912
END
 -12.00000, -75.77617,  39.48685
 -75.77853,  39.49135
 -75.77855,  39.49137
 -75.77853,  39.49155
 -75.77763,  39.49586
 -75.77263,  39.49699
 -75.76679,  39.49756
 -75.76098,  39.49685
 -75.75750,  39.49570
 -75.75518,  39.49463
 -75.75081,  39.49115
 -75.75526,  39.48837
 -75.75703,  39.48671
 -75.76112,  39.48561
 -75.76695,  39.48551
 -75.77277,  39.48579
 -75.77617,  39.48685
END
 -12.00000, -75.83164,  39.50975
 -75.83073,  39.51052
 -75.82853,  39.50972
 -75.83076,  39.50896
 -75.83164,  39.50975
END
 -12.00000, -75.79385,  39.50947
 -75.78992,  39.51241
 -75.78582,  39.50941
 -75.78999,  39.50621
 -75.79385,  39.50947
END
 -12.00000, -75.73961,  39.50905
 -75.73747,  39.51147
 -75.73677,  39.50903
 -75.73751,  39.50837
 -75.73961,  39.50905
END
 -12.00000, -75.80473,  39.51854
 -75.80413,  39.52303
 -75.80142,  39.52462
 -75.79887,  39.52299
 -75.79584,  39.51848
 -75.80154,  39.51507
 -75.80473,  39.51854
END
 -12.00000, -75.73399,  39.51800
 -75.73169,  39.52248
 -75.73149,  39.52257
 -75.73020,  39.52247
 -75.72569,  39.52095
 -75.72034,  39.52239
 -75.71984,  39.52244
 -75.71965,  39.52238
 -75.71697,  39.51786
 -75.71994,  39.51508
 -75.72577,  39.51506
 -75.73159,  39.51546
 -75.73399,  39.51800
END
 -12.00000, -75.73490,  39.54049
 -75.73122,  39.54261
 -75.72594,  39.54042
 -75.73129,  39.53746
 -75.73490,  39.54049
END
END
