 -13.00000, -76.57314,  39.16647
 -76.57459,  39.17097
 -76.57139,  39.17430
 -76.56559,  39.17462
 -76.55979,  39.17260
 -76.55847,  39.17095
 -76.55980,  39.16873
 -76.56356,  39.16646
 -76.56560,  39.16579
 -76.57140,  39.16534
 -76.57314,  39.16647
END
 -13.00000, -76.51559,  39.16640
 -76.51691,  39.17090
 -76.51919,  39.17383
 -76.52499,  39.17385
 -76.53078,  39.17492
 -76.53212,  39.17542
 -76.53568,  39.17992
 -76.53657,  39.18364
 -76.53710,  39.18442
 -76.53807,  39.18892
 -76.53656,  39.18945
 -76.53479,  39.18892
 -76.53076,  39.18820
 -76.53035,  39.18891
 -76.52855,  39.19340
 -76.52494,  39.19597
 -76.51913,  39.19676
 -76.51467,  39.19788
 -76.51333,  39.20011
 -76.50928,  39.19787
 -76.50753,  39.19741
 -76.50395,  39.19337
 -76.50365,  39.18887
 -76.50756,  39.18472
 -76.50816,  39.18438
 -76.51337,  39.18097
 -76.51435,  39.17990
 -76.51337,  39.17807
 -76.50758,  39.17686
 -76.50178,  39.17602
 -76.49947,  39.17537
 -76.49599,  39.17412
 -76.49019,  39.17122
 -76.48989,  39.17087
 -76.49020,  39.17003
 -76.49398,  39.16637
 -76.49600,  39.16584
 -76.50181,  39.16441
 -76.50761,  39.16371
 -76.51340,  39.16472
 -76.51559,  39.16640
END
 -13.00000, -76.61752,  39.17549
 -76.61779,  39.17592
 -76.62261,  39.17999
 -76.62240,  39.18449
 -76.61800,  39.18898
 -76.62358,  39.19069
 -76.62901,  39.19348
 -76.62938,  39.19372
 -76.63370,  39.19798
 -76.63484,  39.20247
 -76.63517,  39.20657
 -76.63525,  39.20697
 -76.63782,  39.21147
 -76.63721,  39.21596
 -76.63764,  39.22046
 -76.64097,  39.22387
 -76.64624,  39.22046
 -76.64677,  39.21966
 -76.65258,  39.21798
 -76.65839,  39.21661
 -76.65892,  39.21597
 -76.66034,  39.21147
 -76.66251,  39.20698
 -76.66418,  39.20558
 -76.66999,  39.20377
 -76.67580,  39.20521
 -76.67822,  39.20698
 -76.68063,  39.21147
 -76.68159,  39.21381
 -76.68330,  39.21597
 -76.68521,  39.22047
 -76.68160,  39.22318
 -76.67866,  39.22496
 -76.67580,  39.22946
 -76.67580,  39.22947
 -76.67435,  39.23395
 -76.66999,  39.23656
 -76.66771,  39.23845
 -76.66998,  39.24295
 -76.66999,  39.24295
 -76.67002,  39.24295
 -76.67580,  39.24184
 -76.67875,  39.24295
 -76.68160,  39.24347
 -76.68366,  39.24295
 -76.68721,  39.23845
 -76.68741,  39.23824
 -76.68895,  39.23845
 -76.69321,  39.24041
 -76.69404,  39.24295
 -76.69637,  39.24744
 -76.69902,  39.25094
 -76.70483,  39.24781
 -76.70561,  39.24744
 -76.71063,  39.24549
 -76.71397,  39.24744
 -76.71644,  39.25008
 -76.71867,  39.25193
 -76.72225,  39.25370
 -76.72539,  39.25643
 -76.72612,  39.26092
 -76.72576,  39.26542
 -76.72470,  39.26991
 -76.72291,  39.27441
 -76.72227,  39.27742
 -76.71823,  39.27441
 -76.71646,  39.27417
 -76.71389,  39.26992
 -76.71065,  39.26760
 -76.70911,  39.26992
 -76.70909,  39.27442
 -76.70856,  39.27891
 -76.70782,  39.28341
 -76.70580,  39.28791
 -76.70485,  39.28964
 -76.70271,  39.29241
 -76.69904,  39.29529
 -76.69803,  39.29690
 -76.69609,  39.30140
 -76.69484,  39.30590
 -76.69418,  39.31039
 -76.69725,  39.31489
 -76.69905,  39.31564
 -76.70181,  39.31489
 -76.70470,  39.31039
 -76.70486,  39.30974
 -76.70629,  39.30589
 -76.70848,  39.30140
 -76.71066,  39.29863
 -76.71211,  39.30139
 -76.71387,  39.30589
 -76.71456,  39.31039
 -76.71283,  39.31488
 -76.71068,  39.31782
 -76.70839,  39.31938
 -76.70614,  39.32388
 -76.70517,  39.32838
 -76.70486,  39.32903
 -76.70261,  39.33287
 -76.69906,  39.33471
 -76.69576,  39.33287
 -76.69467,  39.32838
 -76.69324,  39.32619
 -76.68743,  39.32727
 -76.68714,  39.32838
 -76.68743,  39.32940
 -76.69082,  39.33287
 -76.69230,  39.33737
 -76.69254,  39.34187
 -76.69324,  39.34498
 -76.69388,  39.34636
 -76.69652,  39.35086
 -76.69907,  39.35275
 -76.70285,  39.35536
 -76.70464,  39.35985
 -76.70489,  39.36078
 -76.70615,  39.36435
 -76.70673,  39.36884
 -76.70876,  39.37334
 -76.71071,  39.37585
 -76.71415,  39.37334
 -76.71402,  39.36884
 -76.71651,  39.36526
 -76.72081,  39.36434
 -76.72234,  39.36380
 -76.72311,  39.36434
 -76.72515,  39.36883
 -76.72359,  39.37333
 -76.72234,  39.37429
 -76.71652,  39.37498
 -76.71303,  39.37783
 -76.71175,  39.38233
 -76.71071,  39.38308
 -76.70699,  39.38683
 -76.70490,  39.38984
 -76.70367,  39.39132
 -76.69908,  39.39450
 -76.69353,  39.39133
 -76.69326,  39.39091
 -76.68745,  39.38944
 -76.68163,  39.39123
 -76.67581,  39.38975
 -76.67071,  39.38684
 -76.66999,  39.38656
 -76.66949,  39.38684
 -76.66632,  39.39133
 -76.66417,  39.39360
 -76.65836,  39.39482
 -76.65484,  39.39133
 -76.65302,  39.38683
 -76.65253,  39.38623
 -76.65092,  39.38683
 -76.64672,  39.38845
 -76.64516,  39.39133
 -76.64398,  39.39582
 -76.64307,  39.40032
 -76.64245,  39.40482
 -76.64506,  39.40931
 -76.64089,  39.40992
 -76.63804,  39.41381
 -76.63507,  39.41566
 -76.62925,  39.41706
 -76.62696,  39.41830
 -76.62434,  39.42280
 -76.62342,  39.42353
 -76.61760,  39.42557
 -76.61178,  39.42679
 -76.60596,  39.42648
 -76.60014,  39.42465
 -76.59834,  39.42728
 -76.59732,  39.43178
 -76.60013,  39.43586
 -76.60098,  39.43628
 -76.60294,  39.44078
 -76.60012,  39.44332
 -76.59718,  39.44527
 -76.59539,  39.44976
 -76.59428,  39.45424
 -76.59428,  39.45426
 -76.59428,  39.45431
 -76.59467,  39.45875
 -76.59428,  39.46132
 -76.59383,  39.46325
 -76.59236,  39.46775
 -76.58961,  39.47224
 -76.58844,  39.47264
 -76.58262,  39.47290
 -76.57896,  39.47223
 -76.57679,  39.47166
 -76.57240,  39.46773
 -76.57098,  39.46738
 -76.56734,  39.46773
 -76.56515,  39.46840
 -76.56284,  39.46772
 -76.56019,  39.46323
 -76.55966,  39.45872
 -76.55934,  39.45817
 -76.55798,  39.45872
 -76.55351,  39.46217
 -76.55196,  39.46321
 -76.54768,  39.46579
 -76.54185,  39.46664
 -76.53873,  39.46770
 -76.53603,  39.46976
 -76.53020,  39.47173
 -76.53007,  39.47218
 -76.52579,  39.47667
 -76.52436,  39.47750
 -76.51853,  39.47879
 -76.51641,  39.48116
 -76.51269,  39.48550
 -76.51199,  39.48565
 -76.50686,  39.48701
 -76.50103,  39.48883
 -76.49521,  39.48777
 -76.49078,  39.48562
 -76.48939,  39.48446
 -76.48357,  39.48205
 -76.47775,  39.48175
 -76.47324,  39.48110
 -76.47192,  39.48097
 -76.47160,  39.48109
 -76.46628,  39.48558
 -76.46608,  39.48568
 -76.46024,  39.48920
 -76.45870,  39.49007
 -76.45497,  39.49455
 -76.45440,  39.49559
 -76.45071,  39.49904
 -76.44855,  39.50059
 -76.44273,  39.50047
 -76.43690,  39.49939
 -76.43653,  39.49901
 -76.43142,  39.49451
 -76.43172,  39.49001
 -76.43111,  39.48890
 -76.42881,  39.49001
 -76.42945,  39.49450
 -76.42526,  39.49636
 -76.41943,  39.49862
 -76.41879,  39.49897
 -76.41942,  39.50014
 -76.42339,  39.50348
 -76.42523,  39.50496
 -76.42695,  39.50799
 -76.42711,  39.51248
 -76.42519,  39.51537
 -76.41936,  39.51580
 -76.41433,  39.51245
 -76.41356,  39.50983
 -76.41032,  39.50795
 -76.40774,  39.50746
 -76.40644,  39.50794
 -76.40190,  39.51081
 -76.40022,  39.51242
 -76.39605,  39.51641
 -76.39549,  39.51691
 -76.39233,  39.52140
 -76.39019,  39.52375
 -76.38780,  39.52589
 -76.38434,  39.52857
 -76.37851,  39.52912
 -76.37449,  39.52585
 -76.37337,  39.52135
 -76.37324,  39.51686
 -76.37857,  39.51376
 -76.38152,  39.51238
 -76.38254,  39.50789
 -76.38152,  39.50339
 -76.38160,  39.49889
 -76.37864,  39.49709
 -76.37650,  39.49888
 -76.37550,  39.50337
 -76.37277,  39.50701
 -76.37094,  39.50786
 -76.37033,  39.51235
 -76.36761,  39.51684
 -76.36691,  39.51705
 -76.36546,  39.52133
 -76.36104,  39.52512
 -76.35802,  39.52581
 -76.35520,  39.52673
 -76.34937,  39.52796
 -76.34792,  39.53028
 -76.34583,  39.53477
 -76.34350,  39.53613
 -76.33767,  39.53653
 -76.33356,  39.53473
 -76.33200,  39.53024
 -76.33188,  39.52721
 -76.33170,  39.52573
 -76.33189,  39.52560
 -76.33530,  39.52125
 -76.33677,  39.51676
 -76.33777,  39.51521
 -76.34361,  39.51270
 -76.34943,  39.51331
 -76.35100,  39.51230
 -76.35060,  39.50780
 -76.34946,  39.50748
 -76.34769,  39.50780
 -76.34361,  39.51175
 -76.33779,  39.51062
 -76.33196,  39.51064
 -76.32613,  39.51171
 -76.32493,  39.51223
 -76.32029,  39.51453
 -76.31731,  39.51670
 -76.31568,  39.52119
 -76.31441,  39.52309
 -76.30857,  39.52554
 -76.30275,  39.52470
 -76.29693,  39.52225
 -76.29645,  39.52114
 -76.29630,  39.51664
 -76.29480,  39.51214
 -76.29546,  39.50764
 -76.29701,  39.50637
 -76.30285,  39.50505
 -76.30868,  39.50446
 -76.30973,  39.50319
 -76.31103,  39.49870
 -76.31281,  39.49421
 -76.31457,  39.49248
 -76.32040,  39.49042
 -76.32111,  39.48974
 -76.32043,  39.48524
 -76.32627,  39.48215
 -76.33210,  39.48234
 -76.33792,  39.48227
 -76.34375,  39.48306
 -76.34639,  39.48081
 -76.34449,  39.47631
 -76.34378,  39.47508
 -76.34103,  39.47181
 -76.33797,  39.47128
 -76.33678,  39.47179
 -76.33214,  39.47406
 -76.32953,  39.47627
 -76.32629,  39.47895
 -76.32046,  39.47982
 -76.31723,  39.48073
 -76.31461,  39.48400
 -76.31168,  39.48521
 -76.30878,  39.48576
 -76.30299,  39.48968
 -76.30293,  39.48976
 -76.29710,  39.49088
 -76.29209,  39.49414
 -76.29125,  39.49438
 -76.28708,  39.49862
 -76.28539,  39.50117
 -76.28432,  39.50311
 -76.27954,  39.50516
 -76.27370,  39.50686
 -76.26788,  39.50684
 -76.26536,  39.50754
 -76.26318,  39.51203
 -76.26201,  39.51270
 -76.25618,  39.51284
 -76.25036,  39.51275
 -76.25005,  39.51198
 -76.25037,  39.51049
 -76.25621,  39.50855
 -76.25684,  39.50751
 -76.26205,  39.50602
 -76.26398,  39.50304
 -76.26393,  39.49854
 -76.26211,  39.49607
 -76.25629,  39.49448
 -76.25449,  39.49401
 -76.25049,  39.49045
 -76.25011,  39.48951
 -76.25050,  39.48904
 -76.25634,  39.48595
 -76.26217,  39.48530
 -76.26798,  39.48768
 -76.27380,  39.48878
 -76.27964,  39.48704
 -76.28546,  39.48804
 -76.29130,  39.48664
 -76.29704,  39.48516
 -76.29678,  39.48067
 -76.29716,  39.47995
 -76.29910,  39.47618
 -76.30139,  39.47169
 -76.29723,  39.46722
 -76.29140,  39.46743
 -76.28557,  39.46829
 -76.28353,  39.46714
 -76.27975,  39.46596
 -76.27393,  39.46607
 -76.26811,  39.46596
 -76.26428,  39.46707
 -76.26227,  39.46832
 -76.25644,  39.46943
 -76.25241,  39.47152
 -76.25060,  39.47236
 -76.24940,  39.47152
 -76.24800,  39.46701
 -76.24733,  39.46252
 -76.24821,  39.45802
 -76.25069,  39.45611
 -76.25653,  39.45382
 -76.25762,  39.45356
 -76.26237,  39.45209
 -76.26434,  39.44909
 -76.26823,  39.44460
 -76.26824,  39.44460
 -76.27407,  39.44111
 -76.27989,  39.44155
 -76.28301,  39.44016
 -76.28574,  39.43806
 -76.28843,  39.43567
 -76.29158,  39.43370
 -76.29414,  39.43119
 -76.29161,  39.42790
 -76.28579,  39.42878
 -76.28030,  39.42666
 -76.27998,  39.42660
 -76.27415,  39.42656
 -76.26847,  39.42212
 -76.26836,  39.42179
 -76.26595,  39.41761
 -76.26257,  39.41570
 -76.25677,  39.41359
 -76.25578,  39.41308
 -76.25403,  39.40858
 -76.25681,  39.40689
 -76.26263,  39.40564
 -76.26846,  39.40514
 -76.27428,  39.40465
 -76.27573,  39.40416
 -76.28011,  39.40294
 -76.28522,  39.39970
 -76.28595,  39.39882
 -76.29179,  39.39541
 -76.29365,  39.39523
 -76.29761,  39.39491
 -76.30344,  39.39273
 -76.30927,  39.39112
 -76.31348,  39.39079
 -76.31509,  39.39052
 -76.31555,  39.39080
 -76.32088,  39.39379
 -76.32240,  39.39082
 -76.32395,  39.38633
 -76.32675,  39.38464
 -76.33257,  39.38328
 -76.33558,  39.38187
 -76.33825,  39.37737
 -76.33842,  39.37724
 -76.33878,  39.37737
 -76.34422,  39.38078
 -76.34499,  39.38189
 -76.35002,  39.38475
 -76.35500,  39.38192
 -76.35586,  39.38084
 -76.35845,  39.37743
 -76.35973,  39.37294
 -76.36172,  39.36990
 -76.36205,  39.36844
 -76.36173,  39.36765
 -76.35593,  39.36415
 -76.35567,  39.36393
 -76.35253,  39.35943
 -76.35015,  39.35696
 -76.34434,  39.35604
 -76.34390,  39.35491
 -76.34306,  39.35041
 -76.34437,  39.34905
 -76.34612,  39.34592
 -76.35021,  39.34379
 -76.35318,  39.34144
 -76.35589,  39.33695
 -76.35606,  39.33683
 -76.36187,  39.33556
 -76.36485,  39.33698
 -76.36767,  39.33998
 -76.37318,  39.33700
 -76.37308,  39.33250
 -76.37353,  39.32915
 -76.37358,  39.32801
 -76.37936,  39.32368
 -76.37965,  39.32352
 -76.38363,  39.31904
 -76.38395,  39.31454
 -76.37941,  39.31275
 -76.37726,  39.31003
 -76.37943,  39.30688
 -76.38474,  39.30555
 -76.38350,  39.30105
 -76.38528,  39.29779
 -76.38590,  39.29656
 -76.39111,  39.29404
 -76.39692,  39.29234
 -76.40273,  39.29221
 -76.40579,  39.29211
 -76.40855,  39.29146
 -76.40987,  39.28762
 -76.41369,  39.28313
 -76.41439,  39.28219
 -76.42014,  39.27865
 -76.41441,  39.27556
 -76.41308,  39.27414
 -76.41197,  39.26964
 -76.41444,  39.26692
 -76.41575,  39.26515
 -76.42027,  39.26350
 -76.42320,  39.26067
 -76.42542,  39.25619
 -76.42610,  39.25559
 -76.43192,  39.25412
 -76.43716,  39.25621
 -76.43771,  39.25697
 -76.44164,  39.25622
 -76.44352,  39.25595
 -76.44934,  39.25229
 -76.45514,  39.25456
 -76.45896,  39.25625
 -76.46094,  39.25796
 -76.46148,  39.25625
 -76.46610,  39.25176
 -76.46677,  39.24873
 -76.46731,  39.24727
 -76.46677,  39.24681
 -76.46466,  39.24277
 -76.46488,  39.23827
 -76.46680,  39.23635
 -76.46953,  39.23378
 -76.47263,  39.23140
 -76.47346,  39.22929
 -76.47401,  39.22480
 -76.47845,  39.22293
 -76.48426,  39.22118
 -76.49006,  39.22245
 -76.49485,  39.22034
 -76.49007,  39.21598
 -76.48427,  39.21837
 -76.47847,  39.21686
 -76.47266,  39.21781
 -76.46686,  39.21788
 -76.46374,  39.22029
 -76.46104,  39.22256
 -76.45821,  39.22028
 -76.45525,  39.21600
 -76.45509,  39.21577
 -76.44972,  39.21127
 -76.45528,  39.20749
 -76.45595,  39.20678
 -76.46109,  39.20523
 -76.46690,  39.20444
 -76.47270,  39.20377
 -76.47851,  39.20350
 -76.48431,  39.20285
 -76.49010,  39.20400
 -76.49591,  39.20494
 -76.50171,  39.20593
 -76.50751,  39.20300
 -76.51332,  39.20437
 -76.51536,  39.20687
 -76.51653,  39.21137
 -76.51910,  39.21539
 -76.52461,  39.21138
 -76.52491,  39.21126
 -76.52508,  39.21138
 -76.53071,  39.21227
 -76.53412,  39.21139
 -76.53652,  39.20909
 -76.54115,  39.20691
 -76.54233,  39.20618
 -76.54813,  39.20360
 -76.55394,  39.20335
 -76.55974,  39.20504
 -76.56337,  39.20243
 -76.56555,  39.19976
 -76.56817,  39.19794
 -76.57136,  39.19626
 -76.57716,  39.19765
 -76.58215,  39.19795
 -76.58295,  39.19799
 -76.58876,  39.19901
 -76.59456,  39.19844
 -76.60036,  39.20151
 -76.60090,  39.19796
 -76.60036,  39.19722
 -76.59457,  39.19714
 -76.59043,  39.19346
 -76.59024,  39.18896
 -76.59457,  39.18499
 -76.59514,  39.18447
 -76.60038,  39.18263
 -76.60321,  39.17998
 -76.60521,  39.17548
 -76.60619,  39.17471
 -76.61199,  39.17353
 -76.61752,  39.17549
END
 -13.00000, -76.40331,  39.27862
 -76.40277,  39.28157
 -76.39696,  39.28299
 -76.39144,  39.27859
 -76.39698,  39.27771
 -76.40279,  39.27803
 -76.40331,  39.27862
END
 -13.00000, -76.38353,  39.31004
 -76.38522,  39.31318
 -76.39104,  39.31196
 -76.39685,  39.31009
 -76.39696,  39.31008
 -76.39685,  39.31000
 -76.39106,  39.30653
 -76.38525,  39.30596
 -76.38353,  39.31004
END
 -13.00000, -76.68155,  39.31939
 -76.68162,  39.31953
 -76.68187,  39.31939
 -76.68162,  39.31927
 -76.68155,  39.31939
END
 -13.00000, -76.37919,  39.34151
 -76.37929,  39.34153
 -76.37930,  39.34151
 -76.37929,  39.34143
 -76.37919,  39.34151
END
 -13.00000, -76.31362,  39.35032
 -76.30946,  39.35292
 -76.30627,  39.35030
 -76.30949,  39.34731
 -76.31362,  39.35032
END
 -13.00000, -76.67876,  39.35986
 -76.68163,  39.36374
 -76.68271,  39.35986
 -76.68162,  39.35800
 -76.67876,  39.35986
END
 -13.00000, -76.36606,  39.35946
 -76.36758,  39.36130
 -76.37006,  39.35947
 -76.36759,  39.35842
 -76.36606,  39.35946
END
 -13.00000, -76.67915,  39.36885
 -76.68163,  39.37106
 -76.68260,  39.36885
 -76.68163,  39.36486
 -76.67915,  39.36885
END
 -13.00000, -76.62885,  39.38233
 -76.62926,  39.38278
 -76.63014,  39.38233
 -76.62927,  39.37856
 -76.62885,  39.38233
END
 -13.00000, -76.24460,  39.40854
 -76.24345,  39.41304
 -76.23930,  39.41477
 -76.23483,  39.41750
 -76.23344,  39.42085
 -76.23257,  39.42199
 -76.22760,  39.42421
 -76.22177,  39.42532
 -76.21597,  39.42366
 -76.21434,  39.42192
 -76.21470,  39.41743
 -76.21601,  39.41622
 -76.22185,  39.41421
 -76.22556,  39.41297
 -76.22770,  39.40928
 -76.22953,  39.40849
 -76.23353,  39.40767
 -76.23936,  39.40587
 -76.24460,  39.40854
END
 -13.00000, -76.30704,  39.44923
 -76.30714,  39.45372
 -76.30893,  39.45567
 -76.31150,  39.45374
 -76.31107,  39.44924
 -76.30897,  39.44871
 -76.30704,  39.44923
END
 -13.00000, -76.61501,  39.45877
 -76.61383,  39.46326
 -76.61175,  39.46462
 -76.60778,  39.46326
 -76.60593,  39.45974
 -76.60571,  39.45876
 -76.60593,  39.45847
 -76.61176,  39.45596
 -76.61501,  39.45877
END
 -13.00000, -76.54342,  39.47669
 -76.54481,  39.48119
 -76.54765,  39.48559
 -76.54794,  39.48569
 -76.55347,  39.48818
 -76.55702,  39.49020
 -76.55366,  39.49469
 -76.55345,  39.49652
 -76.55260,  39.49919
 -76.54762,  39.50027
 -76.54696,  39.49918
 -76.54639,  39.49469
 -76.54350,  39.49019
 -76.54182,  39.48789
 -76.53976,  39.48568
 -76.53600,  39.48231
 -76.53559,  39.48118
 -76.53600,  39.47897
 -76.53766,  39.47669
 -76.54184,  39.47564
 -76.54342,  39.47669
END
 -13.00000, -76.60010,  39.48124
 -76.60008,  39.48125
 -76.60007,  39.48124
 -76.60008,  39.48119
 -76.60010,  39.48124
END
 -13.00000, -76.34769,  39.48531
 -76.34689,  39.48981
 -76.34953,  39.49139
 -76.35133,  39.48982
 -76.35017,  39.48532
 -76.34957,  39.48406
 -76.34769,  39.48531
END
 -13.00000, -76.38784,  39.48991
 -76.39032,  39.49211
 -76.39230,  39.48993
 -76.39034,  39.48811
 -76.38784,  39.48991
END
 -13.00000, -76.35804,  39.49883
 -76.35934,  39.50333
 -76.36113,  39.50421
 -76.36279,  39.50334
 -76.36370,  39.49884
 -76.36116,  39.49693
 -76.35804,  39.49883
END
 -13.00000, -76.46420,  39.51706
 -76.46472,  39.52155
 -76.46014,  39.52438
 -76.45583,  39.52603
 -76.45436,  39.53053
 -76.45429,  39.53065
 -76.44865,  39.53501
 -76.44845,  39.53509
 -76.44261,  39.53661
 -76.43678,  39.53754
 -76.43095,  39.53645
 -76.42512,  39.53747
 -76.41929,  39.53643
 -76.41388,  39.53494
 -76.41347,  39.53479
 -76.40765,  39.53310
 -76.40572,  39.53043
 -76.40766,  39.52760
 -76.41158,  39.52594
 -76.41350,  39.52526
 -76.41933,  39.52407
 -76.42517,  39.52174
 -76.43100,  39.52155
 -76.43108,  39.52148
 -76.43260,  39.51699
 -76.43685,  39.51523
 -76.44268,  39.51540
 -76.44587,  39.51702
 -76.44772,  39.52152
 -76.44849,  39.52234
 -76.45142,  39.52153
 -76.45432,  39.51920
 -76.45544,  39.51704
 -76.46017,  39.51504
 -76.46420,  39.51706
END
 -13.00000, -76.29262,  39.53012
 -76.29105,  39.53170
 -76.28851,  39.53010
 -76.29107,  39.52807
 -76.29262,  39.53012
END
 -13.00000, -76.43271,  39.54847
 -76.43124,  39.55296
 -76.43089,  39.55318
 -76.43009,  39.55296
 -76.42791,  39.54846
 -76.43092,  39.54650
 -76.43271,  39.54847
END
 -13.00000, -76.38740,  39.54837
 -76.38654,  39.55286
 -76.38423,  39.55572
 -76.37840,  39.55724
 -76.37762,  39.55734
 -76.37261,  39.56182
 -76.37254,  39.56186
 -76.37242,  39.56182
 -76.37023,  39.55732
 -76.37257,  39.55393
 -76.37285,  39.55283
 -76.37365,  39.54833
 -76.37845,  39.54427
 -76.38428,  39.54420
 -76.38740,  39.54837
END
 -13.00000, -76.41985,  39.56193
 -76.41920,  39.56230
 -76.41872,  39.56193
 -76.41921,  39.55806
 -76.41985,  39.56193
END
 -12.00000, -76.61819,  39.22945
 -76.61774,  39.23047
 -76.61758,  39.22945
 -76.61774,  39.22929
 -76.61819,  39.22945
END
 -12.00000, -76.59758,  39.23393
 -76.60033,  39.23411
 -76.60613,  39.23399
 -76.61194,  39.23457
 -76.61562,  39.23844
 -76.61774,  39.24270
 -76.61922,  39.24294
 -76.62354,  39.24341
 -76.62574,  39.24294
 -76.62935,  39.23846
 -76.63306,  39.24294
 -76.63504,  39.24744
 -76.63502,  39.25194
 -76.63426,  39.25644
 -76.63345,  39.26093
 -76.63436,  39.26543
 -76.63514,  39.26947
 -76.64095,  39.26870
 -76.64676,  39.26915
 -76.65257,  39.26847
 -76.65837,  39.26657
 -76.66344,  39.26992
 -76.66234,  39.27443
 -76.66062,  39.27892
 -76.65837,  39.28267
 -76.65795,  39.28341
 -76.65257,  39.28718
 -76.65157,  39.28791
 -76.65047,  39.29241
 -76.65132,  39.29691
 -76.65256,  39.30120
 -76.65837,  39.29971
 -76.66418,  39.30119
 -76.66440,  39.30140
 -76.66645,  39.30590
 -76.66622,  39.31039
 -76.66418,  39.31219
 -76.65968,  39.31490
 -76.65836,  39.31595
 -76.65734,  39.31490
 -76.65385,  39.31039
 -76.65256,  39.30615
 -76.65051,  39.31039
 -76.65010,  39.31489
 -76.64674,  39.31849
 -76.64646,  39.31939
 -76.64645,  39.32388
 -76.64522,  39.32838
 -76.64474,  39.33287
 -76.64288,  39.33737
 -76.64195,  39.34186
 -76.64092,  39.34297
 -76.63841,  39.34636
 -76.63510,  39.35046
 -76.63477,  39.35086
 -76.63154,  39.35536
 -76.62928,  39.35659
 -76.62624,  39.35985
 -76.62426,  39.36434
 -76.62346,  39.36792
 -76.62310,  39.36884
 -76.61871,  39.37333
 -76.61764,  39.37425
 -76.61566,  39.37783
 -76.61456,  39.38233
 -76.61182,  39.38439
 -76.60661,  39.38682
 -76.60600,  39.38733
 -76.60204,  39.39131
 -76.60017,  39.39297
 -76.59558,  39.39581
 -76.59435,  39.39658
 -76.58852,  39.39870
 -76.58573,  39.40030
 -76.58270,  39.40279
 -76.58001,  39.40479
 -76.57688,  39.40699
 -76.57106,  39.40858
 -76.57024,  39.40928
 -76.56918,  39.41377
 -76.56940,  39.41827
 -76.56522,  39.42256
 -76.56506,  39.42276
 -76.55939,  39.42553
 -76.55596,  39.42725
 -76.55400,  39.43174
 -76.55356,  39.43304
 -76.55006,  39.43623
 -76.54772,  39.43983
 -76.54613,  39.43623
 -76.54514,  39.43173
 -76.54457,  39.42724
 -76.54299,  39.42274
 -76.54194,  39.41975
 -76.53864,  39.42274
 -76.53611,  39.42371
 -76.53029,  39.42588
 -76.52642,  39.42722
 -76.52446,  39.42928
 -76.52157,  39.43171
 -76.51863,  39.43340
 -76.51530,  39.43170
 -76.51282,  39.42962
 -76.50700,  39.42993
 -76.50117,  39.42943
 -76.49812,  39.43167
 -76.49540,  39.43616
 -76.49533,  39.43621
 -76.48951,  39.43621
 -76.48368,  39.43968
 -76.48200,  39.44064
 -76.48026,  39.44514
 -76.47784,  39.44773
 -76.47610,  39.44963
 -76.47200,  39.45146
 -76.46618,  39.45163
 -76.46036,  39.44999
 -76.45779,  39.44960
 -76.45454,  39.44735
 -76.45406,  39.44509
 -76.45404,  39.44059
 -76.44875,  39.43727
 -76.44292,  39.43917
 -76.43710,  39.43930
 -76.43129,  39.43724
 -76.42546,  39.43991
 -76.42480,  39.44054
 -76.41962,  39.44385
 -76.41545,  39.44051
 -76.41382,  39.43845
 -76.40800,  39.43647
 -76.40444,  39.44049
 -76.40216,  39.44306
 -76.39633,  39.44400
 -76.39050,  39.44483
 -76.38754,  39.44045
 -76.38900,  39.43596
 -76.39054,  39.43506
 -76.39438,  39.43148
 -76.39490,  39.42698
 -76.39528,  39.42249
 -76.39500,  39.41799
 -76.39429,  39.41349
 -76.39394,  39.40899
 -76.39066,  39.40635
 -76.38483,  39.40722
 -76.37902,  39.40659
 -76.37320,  39.40708
 -76.36738,  39.40647
 -76.36214,  39.40442
 -76.36263,  39.39993
 -76.36595,  39.39544
 -76.36743,  39.39475
 -76.37326,  39.39282
 -76.37820,  39.39097
 -76.37909,  39.38973
 -76.38066,  39.38648
 -76.38494,  39.38216
 -76.39075,  39.38234
 -76.39238,  39.38201
 -76.39659,  39.37823
 -76.39806,  39.37753
 -76.40141,  39.37304
 -76.40243,  39.37156
 -76.40437,  39.36855
 -76.40245,  39.36703
 -76.39944,  39.36404
 -76.39967,  39.35955
 -76.40127,  39.35505
 -76.40250,  39.35398
 -76.40408,  39.35056
 -76.40252,  39.34800
 -76.39959,  39.34606
 -76.39672,  39.34444
 -76.39400,  39.34154
 -76.39487,  39.33705
 -76.39675,  39.33564
 -76.40257,  39.33408
 -76.40839,  39.33348
 -76.41100,  39.33259
 -76.41393,  39.32811
 -76.41422,  39.32692
 -76.42005,  39.32381
 -76.42056,  39.32362
 -76.42588,  39.31988
 -76.42699,  39.31914
 -76.43082,  39.31465
 -76.43171,  39.31411
 -76.43431,  39.31016
 -76.43755,  39.30754
 -76.44027,  39.30568
 -76.44337,  39.30376
 -76.44918,  39.30155
 -76.44987,  39.30119
 -76.45308,  39.29671
 -76.45502,  39.29451
 -76.45893,  39.29222
 -76.45975,  39.28773
 -76.45504,  39.28580
 -76.44924,  39.28323
 -76.44918,  39.28321
 -76.44672,  39.27871
 -76.44926,  39.27714
 -76.45375,  39.27422
 -76.45508,  39.27329
 -76.45947,  39.26974
 -76.46090,  39.26893
 -76.46281,  39.26974
 -76.46671,  39.27175
 -76.47251,  39.27086
 -76.47328,  39.26976
 -76.47593,  39.26527
 -76.47835,  39.26171
 -76.48011,  39.26078
 -76.48416,  39.25951
 -76.48997,  39.25732
 -76.49229,  39.25631
 -76.49505,  39.25181
 -76.49580,  39.25082
 -76.49979,  39.24732
 -76.50161,  39.24677
 -76.50742,  39.24601
 -76.51323,  39.24548
 -76.51904,  39.24476
 -76.52484,  39.24435
 -76.52812,  39.24286
 -76.53003,  39.23837
 -76.53066,  39.23802
 -76.53288,  39.23837
 -76.53646,  39.24038
 -76.53982,  39.23838
 -76.54227,  39.23780
 -76.54808,  39.23525
 -76.55389,  39.23500
 -76.55969,  39.23636
 -76.56382,  39.23840
 -76.56549,  39.23905
 -76.57130,  39.23956
 -76.57164,  39.23841
 -76.57711,  39.23455
 -76.58292,  39.23416
 -76.58871,  39.23430
 -76.59380,  39.23393
 -76.59452,  39.23383
 -76.59758,  39.23393
END
 -12.00000, -76.52946,  39.24736
 -76.53063,  39.25151
 -76.53260,  39.24736
 -76.53065,  39.24555
 -76.52946,  39.24736
END
 -12.00000, -76.62922,  39.26992
 -76.62933,  39.27013
 -76.63388,  39.26992
 -76.62933,  39.26965
 -76.62922,  39.26992
END
 -12.00000, -76.67348,  39.28791
 -76.67393,  39.29241
 -76.66999,  39.29559
 -76.66744,  39.29241
 -76.66789,  39.28791
 -76.66999,  39.28663
 -76.67348,  39.28791
END
 -12.00000, -76.41931,  39.34160
 -76.41998,  39.34295
 -76.42062,  39.34160
 -76.41999,  39.33985
 -76.41931,  39.34160
END
 -12.00000, -76.38444,  39.41796
 -76.38397,  39.42246
 -76.37894,  39.42470
 -76.37599,  39.42244
 -76.37680,  39.41794
 -76.37897,  39.41655
 -76.38444,  39.41796
END
 -12.00000, -76.35390,  39.42688
 -76.35509,  39.43138
 -76.34979,  39.43503
 -76.34397,  39.43499
 -76.33916,  39.43133
 -76.34400,  39.42895
 -76.34575,  39.42685
 -76.34984,  39.42561
 -76.35390,  39.42688
END
 -12.00000, -76.36982,  39.43142
 -76.36727,  39.43198
 -76.36623,  39.43140
 -76.36729,  39.42911
 -76.36982,  39.43142
END
 -12.00000, -76.43410,  39.44955
 -76.43124,  39.45398
 -76.42662,  39.44954
 -76.43126,  39.44588
 -76.43410,  39.44955
END
 -12.00000, -76.44997,  39.45857
 -76.44868,  39.45967
 -76.44769,  39.45857
 -76.44869,  39.45724
 -76.44997,  39.45857
END
 -12.00000, -76.42049,  39.45851
 -76.41956,  39.46030
 -76.41910,  39.45851
 -76.41957,  39.45815
 -76.42049,  39.45851
END
END
