 -13.00000, -75.02479,  39.61814
 -75.02382,  39.61980
 -75.02159,  39.62260
 -75.01788,  39.62403
 -75.01202,  39.62455
 -75.00620,  39.62404
 -75.00037,  39.62344
 -74.99911,  39.62228
 -74.99979,  39.61779
 -75.00053,  39.61727
 -75.00637,  39.61700
 -75.01225,  39.61537
 -75.01810,  39.61456
 -75.02390,  39.61650
 -75.02479,  39.61814
END
 -13.00000, -74.77091,  39.61432
 -74.77288,  39.61579
 -74.77388,  39.61887
 -74.77269,  39.62287
 -74.77233,  39.62334
 -74.76968,  39.62780
 -74.76668,  39.62907
 -74.76437,  39.62771
 -74.76091,  39.62645
 -74.75696,  39.62309
 -74.75668,  39.61859
 -74.76123,  39.61492
 -74.76389,  39.61421
 -74.76715,  39.61184
 -74.77091,  39.61432
END
 -13.00000, -75.14024,  39.64219
 -75.14285,  39.64672
 -75.14300,  39.65121
 -75.14367,  39.65572
 -75.14290,  39.66021
 -75.14032,  39.66467
 -75.13958,  39.66524
 -75.13369,  39.66753
 -75.12788,  39.66624
 -75.12669,  39.66449
 -75.12373,  39.65995
 -75.12252,  39.65545
 -75.12345,  39.65096
 -75.12366,  39.64647
 -75.12646,  39.64201
 -75.12851,  39.63758
 -75.13433,  39.63843
 -75.14010,  39.64164
 -75.14024,  39.64219
END
 -13.00000, -74.83987,  39.64240
 -74.83633,  39.64528
 -74.83508,  39.64682
 -74.83262,  39.65128
 -74.83029,  39.65244
 -74.82677,  39.65119
 -74.82526,  39.64667
 -74.82891,  39.64223
 -74.83060,  39.64088
 -74.83644,  39.64085
 -74.83987,  39.64240
END
 -13.00000, -74.67421,  39.63971
 -74.67567,  39.64423
 -74.67714,  39.64875
 -74.67788,  39.65326
 -74.67744,  39.65775
 -74.67491,  39.66220
 -74.67227,  39.66320
 -74.66642,  39.66364
 -74.66056,  39.66423
 -74.65634,  39.66189
 -74.65710,  39.65741
 -74.66084,  39.65434
 -74.66171,  39.65298
 -74.66299,  39.64851
 -74.66556,  39.64406
 -74.66661,  39.63958
 -74.66714,  39.63848
 -74.67302,  39.63702
 -74.67421,  39.63971
END
 -13.00000, -75.06554,  39.65018
 -75.06979,  39.65205
 -75.07050,  39.65475
 -75.07095,  39.65925
 -75.07147,  39.66376
 -75.07130,  39.66825
 -75.07085,  39.67274
 -75.06922,  39.67669
 -75.06869,  39.67721
 -75.06697,  39.68169
 -75.06532,  39.68616
 -75.06306,  39.69027
 -75.06165,  39.69061
 -75.05719,  39.69140
 -75.05331,  39.69049
 -75.05138,  39.69007
 -75.05045,  39.68596
 -75.04952,  39.68145
 -75.04848,  39.67694
 -75.04662,  39.67241
 -75.04620,  39.66791
 -75.04798,  39.66344
 -75.04972,  39.65896
 -75.05219,  39.65502
 -75.05286,  39.65451
 -75.05813,  39.65096
 -75.06209,  39.65014
 -75.06399,  39.64997
 -75.06554,  39.65018
END
 -13.00000, -74.92700,  39.64822
 -74.92920,  39.65275
 -74.92957,  39.65355
 -74.93067,  39.65726
 -74.93064,  39.66176
 -74.93142,  39.66627
 -74.93006,  39.67075
 -74.93062,  39.67525
 -74.92896,  39.67759
 -74.92799,  39.67971
 -74.92400,  39.68415
 -74.92295,  39.68458
 -74.91708,  39.68579
 -74.91122,  39.68586
 -74.90709,  39.68390
 -74.90546,  39.68301
 -74.90086,  39.67931
 -74.90010,  39.67480
 -74.89983,  39.67438
 -74.89729,  39.67026
 -74.89520,  39.66573
 -74.89434,  39.66122
 -74.89533,  39.65673
 -74.89974,  39.65231
 -74.90042,  39.65105
 -74.90257,  39.64785
 -74.90640,  39.64556
 -74.91229,  39.64352
 -74.91813,  39.64360
 -74.92393,  39.64529
 -74.92700,  39.64822
END
 -13.00000, -74.56237,  39.64225
 -74.56766,  39.64513
 -74.57047,  39.64690
 -74.57333,  39.65063
 -74.57394,  39.65145
 -74.57496,  39.65598
 -74.57567,  39.66048
 -74.57584,  39.66499
 -74.57567,  39.66948
 -74.57539,  39.67397
 -74.57483,  39.67846
 -74.57238,  39.68291
 -74.57236,  39.68294
 -74.57026,  39.68737
 -74.56936,  39.69186
 -74.56874,  39.69634
 -74.56879,  39.70084
 -74.56819,  39.70533
 -74.56841,  39.70983
 -74.56657,  39.71429
 -74.56548,  39.71723
 -74.56457,  39.71875
 -74.56368,  39.72323
 -74.56353,  39.72773
 -74.56367,  39.73223
 -74.56420,  39.73674
 -74.56394,  39.74123
 -74.56253,  39.74570
 -74.55990,  39.75015
 -74.55859,  39.75196
 -74.55468,  39.75455
 -74.55262,  39.75589
 -74.54671,  39.75782
 -74.54087,  39.75741
 -74.53876,  39.75877
 -74.53750,  39.76324
 -74.54062,  39.76554
 -74.54652,  39.76380
 -74.55233,  39.76543
 -74.55433,  39.76804
 -74.55518,  39.77256
 -74.55738,  39.77709
 -74.55574,  39.78156
 -74.55176,  39.78423
 -74.54588,  39.78482
 -74.54006,  39.78395
 -74.53600,  39.78121
 -74.53439,  39.77785
 -74.53284,  39.77665
 -74.52870,  39.77256
 -74.52734,  39.77205
 -74.52296,  39.76926
 -74.51711,  39.76890
 -74.51119,  39.77117
 -74.50542,  39.76876
 -74.50304,  39.76711
 -74.49966,  39.76577
 -74.49384,  39.76477
 -74.48801,  39.76379
 -74.48419,  39.76226
 -74.48223,  39.76167
 -74.47639,  39.76134
 -74.47054,  39.76117
 -74.46474,  39.75969
 -74.46104,  39.75734
 -74.45898,  39.75671
 -74.45319,  39.75518
 -74.44738,  39.75385
 -74.44155,  39.75308
 -74.43811,  39.75241
 -74.43575,  39.75156
 -74.43360,  39.75232
 -74.42986,  39.75284
 -74.42735,  39.75220
 -74.42410,  39.75019
 -74.41824,  39.75043
 -74.41238,  39.75062
 -74.40694,  39.75181
 -74.40649,  39.75187
 -74.40057,  39.75410
 -74.39466,  39.75583
 -74.39392,  39.75606
 -74.38876,  39.75737
 -74.38365,  39.76036
 -74.38280,  39.76081
 -74.37885,  39.76477
 -74.37675,  39.76688
 -74.37545,  39.76920
 -74.37434,  39.77367
 -74.37331,  39.77815
 -74.37280,  39.78264
 -74.37163,  39.78711
 -74.37127,  39.79160
 -74.37003,  39.79308
 -74.36604,  39.79600
 -74.36404,  39.79699
 -74.35813,  39.79890
 -74.35226,  39.79953
 -74.34641,  39.79905
 -74.34056,  39.79906
 -74.33472,  39.79855
 -74.32999,  39.79529
 -74.32899,  39.79482
 -74.32320,  39.79303
 -74.31738,  39.79200
 -74.31155,  39.79136
 -74.30614,  39.79032
 -74.30574,  39.79018
 -74.30555,  39.79030
 -74.29980,  39.79255
 -74.29395,  39.79266
 -74.29124,  39.79452
 -74.28799,  39.79565
 -74.28204,  39.79829
 -74.28054,  39.79880
 -74.27612,  39.80022
 -74.27029,  39.79963
 -74.26442,  39.80015
 -74.26060,  39.79839
 -74.25866,  39.79753
 -74.25293,  39.79375
 -74.25292,  39.79374
 -74.24984,  39.78917
 -74.24911,  39.78466
 -74.24755,  39.78015
 -74.24755,  39.78013
 -74.24755,  39.78012
 -74.24876,  39.77566
 -74.24813,  39.77115
 -74.24957,  39.76668
 -74.25110,  39.76221
 -74.25369,  39.75777
 -74.25422,  39.75671
 -74.25555,  39.75331
 -74.25738,  39.74885
 -74.25723,  39.74435
 -74.25798,  39.73987
 -74.25951,  39.73540
 -74.26086,  39.73375
 -74.26414,  39.73100
 -74.26686,  39.72934
 -74.27273,  39.72878
 -74.27850,  39.73100
 -74.28030,  39.73132
 -74.28430,  39.73236
 -74.29005,  39.73532
 -74.29386,  39.73160
 -74.29611,  39.72902
 -74.29839,  39.72719
 -74.30209,  39.72512
 -74.30797,  39.72442
 -74.31173,  39.72296
 -74.31389,  39.72232
 -74.31870,  39.71860
 -74.31988,  39.71798
 -74.32582,  39.71534
 -74.32700,  39.71427
 -74.33182,  39.71064
 -74.33245,  39.70988
 -74.33197,  39.70610
 -74.33187,  39.70537
 -74.33201,  39.70514
 -74.33358,  39.70091
 -74.33422,  39.69642
 -74.33679,  39.69197
 -74.33839,  39.68887
 -74.34128,  39.68757
 -74.34431,  39.68698
 -74.35020,  39.68537
 -74.35599,  39.68704
 -74.36181,  39.68796
 -74.36182,  39.68797
 -74.36385,  39.69251
 -74.36626,  39.69705
 -74.36678,  39.70156
 -74.36716,  39.70290
 -74.36846,  39.70609
 -74.37093,  39.71064
 -74.37269,  39.71257
 -74.37456,  39.71521
 -74.37833,  39.71868
 -74.37991,  39.71981
 -74.38406,  39.72213
 -74.38988,  39.72299
 -74.39574,  39.72262
 -74.40157,  39.72326
 -74.40572,  39.72031
 -74.40755,  39.71939
 -74.41172,  39.71592
 -74.41359,  39.71317
 -74.41428,  39.71148
 -74.41444,  39.70698
 -74.41478,  39.70249
 -74.41534,  39.69800
 -74.41624,  39.69352
 -74.41805,  39.68906
 -74.42031,  39.68609
 -74.42456,  39.68468
 -74.42622,  39.68394
 -74.43212,  39.68238
 -74.43623,  39.68041
 -74.43805,  39.67978
 -74.44397,  39.67726
 -74.44595,  39.67610
 -74.44992,  39.67401
 -74.45321,  39.67174
 -74.45595,  39.66814
 -74.45722,  39.66731
 -74.45920,  39.66285
 -74.46133,  39.65839
 -74.46213,  39.65765
 -74.46803,  39.65585
 -74.47382,  39.65741
 -74.47964,  39.65809
 -74.48009,  39.65874
 -74.48103,  39.66326
 -74.48238,  39.66778
 -74.48511,  39.66982
 -74.48743,  39.67237
 -74.49081,  39.67441
 -74.49461,  39.67701
 -74.49651,  39.67931
 -74.49967,  39.68160
 -74.50122,  39.68612
 -74.50205,  39.68867
 -74.50291,  39.69065
 -74.50193,  39.69275
 -74.50127,  39.69512
 -74.50090,  39.69961
 -74.50159,  39.70372
 -74.50191,  39.70413
 -74.50554,  39.70869
 -74.50722,  39.71068
 -74.51304,  39.71153
 -74.51719,  39.70890
 -74.51901,  39.70749
 -74.52139,  39.70448
 -74.52274,  39.70001
 -74.52273,  39.69551
 -74.52174,  39.69099
 -74.52279,  39.68652
 -74.52367,  39.68203
 -74.52572,  39.67939
 -74.52696,  39.67760
 -74.53042,  39.67316
 -74.53186,  39.66980
 -74.53216,  39.66870
 -74.53193,  39.66735
 -74.53146,  39.66419
 -74.53207,  39.66268
 -74.53289,  39.65971
 -74.53244,  39.65521
 -74.53438,  39.65075
 -74.53638,  39.64629
 -74.53848,  39.64443
 -74.54286,  39.64191
 -74.54442,  39.64110
 -74.55029,  39.64013
 -74.55613,  39.64011
 -74.56191,  39.64199
 -74.56237,  39.64225
END
 -13.00000, -74.63289,  39.65249
 -74.63747,  39.65478
 -74.64324,  39.65711
 -74.64333,  39.65717
 -74.64586,  39.66171
 -74.64440,  39.66618
 -74.64412,  39.67068
 -74.64526,  39.67520
 -74.64611,  39.67971
 -74.64716,  39.68422
 -74.64632,  39.68870
 -74.64705,  39.69321
 -74.64675,  39.69770
 -74.64658,  39.70220
 -74.64587,  39.70669
 -74.64451,  39.71116
 -74.64159,  39.71391
 -74.63808,  39.71555
 -74.63564,  39.71769
 -74.62976,  39.71846
 -74.62393,  39.71791
 -74.62051,  39.71524
 -74.61819,  39.71413
 -74.61538,  39.71066
 -74.61417,  39.70614
 -74.61394,  39.70163
 -74.61371,  39.69713
 -74.61429,  39.69265
 -74.61494,  39.68816
 -74.61655,  39.68369
 -74.61758,  39.67921
 -74.61932,  39.67595
 -74.62050,  39.67477
 -74.62025,  39.67026
 -74.62167,  39.66579
 -74.61967,  39.66373
 -74.61857,  39.66124
 -74.61983,  39.65854
 -74.62304,  39.65682
 -74.62579,  39.65450
 -74.62957,  39.65243
 -74.63171,  39.65180
 -74.63289,  39.65249
END
 -13.00000, -74.27172,  39.65019
 -74.27270,  39.65471
 -74.27520,  39.65681
 -74.28098,  39.65886
 -74.28126,  39.65938
 -74.28093,  39.66014
 -74.27519,  39.66375
 -74.27495,  39.66425
 -74.27192,  39.66819
 -74.26890,  39.67022
 -74.26734,  39.66809
 -74.26328,  39.66355
 -74.26324,  39.66351
 -74.26141,  39.65897
 -74.26350,  39.65725
 -74.26707,  39.65459
 -74.26793,  39.65011
 -74.26962,  39.64931
 -74.27172,  39.65019
END
 -13.00000, -74.79594,  39.66419
 -74.79916,  39.66874
 -74.79888,  39.67324
 -74.79963,  39.67775
 -74.79942,  39.68224
 -74.79819,  39.68672
 -74.79832,  39.69122
 -74.79895,  39.69572
 -74.79641,  39.70018
 -74.79386,  39.70407
 -74.79332,  39.70462
 -74.78790,  39.70827
 -74.78526,  39.70900
 -74.78198,  39.71089
 -74.77631,  39.71335
 -74.77607,  39.71353
 -74.77013,  39.71693
 -74.76959,  39.71774
 -74.76441,  39.72215
 -74.76414,  39.72219
 -74.75825,  39.72366
 -74.75245,  39.72207
 -74.75221,  39.72195
 -74.74785,  39.71739
 -74.74681,  39.71449
 -74.74338,  39.71282
 -74.74103,  39.71221
 -74.73518,  39.71194
 -74.73385,  39.71266
 -74.72929,  39.71394
 -74.72345,  39.71699
 -74.72335,  39.71711
 -74.71950,  39.72142
 -74.71795,  39.72589
 -74.71722,  39.72699
 -74.71584,  39.73035
 -74.71523,  39.73484
 -74.71349,  39.73931
 -74.71096,  39.74202
 -74.70844,  39.74372
 -74.70500,  39.74588
 -74.69910,  39.74746
 -74.69740,  39.74804
 -74.69316,  39.75091
 -74.68735,  39.74953
 -74.68650,  39.74785
 -74.68476,  39.74332
 -74.68416,  39.73882
 -74.68414,  39.73432
 -74.68483,  39.72983
 -74.68696,  39.72537
 -74.68810,  39.72320
 -74.68975,  39.72092
 -74.69270,  39.71648
 -74.69422,  39.71329
 -74.69506,  39.71202
 -74.69762,  39.70757
 -74.70030,  39.70524
 -74.70339,  39.70316
 -74.70631,  39.69957
 -74.70731,  39.69873
 -74.71052,  39.69429
 -74.71233,  39.69313
 -74.71637,  39.68988
 -74.71831,  39.68852
 -74.72418,  39.68726
 -74.73003,  39.68712
 -74.73582,  39.68890
 -74.73894,  39.69026
 -74.74155,  39.69317
 -74.74294,  39.69482
 -74.74616,  39.69937
 -74.74713,  39.70273
 -74.74902,  39.70391
 -74.75286,  39.70695
 -74.75871,  39.70689
 -74.76176,  39.70412
 -74.76245,  39.69963
 -74.76173,  39.69513
 -74.76030,  39.69060
 -74.76144,  39.68613
 -74.76144,  39.68163
 -74.76315,  39.67717
 -74.76536,  39.67270
 -74.76550,  39.67249
 -74.76893,  39.66826
 -74.77151,  39.66640
 -74.77740,  39.66442
 -74.77930,  39.66393
 -74.78329,  39.66288
 -74.78916,  39.66162
 -74.79495,  39.66348
 -74.79594,  39.66419
END
 -13.00000, -75.22371,  39.68821
 -75.22665,  39.69199
 -75.22680,  39.69275
 -75.22664,  39.69298
 -75.22454,  39.69721
 -75.22321,  39.70169
 -75.22057,  39.70380
 -75.21498,  39.70609
 -75.21467,  39.70632
 -75.20875,  39.71003
 -75.20731,  39.70599
 -75.20419,  39.70146
 -75.20571,  39.69698
 -75.20907,  39.69458
 -75.21301,  39.69258
 -75.21498,  39.69150
 -75.22005,  39.68817
 -75.22090,  39.68773
 -75.22371,  39.68821
END
 -13.00000, -74.99303,  39.69415
 -74.99866,  39.69530
 -75.00443,  39.69857
 -75.00483,  39.69881
 -75.00760,  39.70335
 -75.01009,  39.70631
 -75.01141,  39.70790
 -75.01222,  39.71241
 -75.01131,  39.71689
 -75.01014,  39.72137
 -75.00970,  39.72213
 -75.00380,  39.72459
 -74.99793,  39.72549
 -74.99209,  39.72541
 -74.98626,  39.72483
 -74.98042,  39.72418
 -74.97514,  39.72088
 -74.97469,  39.71938
 -74.97340,  39.71635
 -74.97488,  39.71198
 -74.97491,  39.71188
 -74.97659,  39.70740
 -74.97841,  39.70293
 -74.98044,  39.69846
 -74.98106,  39.69775
 -74.98698,  39.69452
 -74.99224,  39.69413
 -74.99284,  39.69410
 -74.99303,  39.69415
END
 -13.00000, -75.14497,  39.72320
 -75.14999,  39.72403
 -75.15582,  39.72480
 -75.16164,  39.72554
 -75.16750,  39.72559
 -75.17332,  39.72673
 -75.17915,  39.72753
 -75.18166,  39.72815
 -75.18495,  39.72924
 -75.19082,  39.72847
 -75.19273,  39.73280
 -75.19640,  39.73734
 -75.19647,  39.73756
 -75.19788,  39.74185
 -75.19840,  39.74636
 -75.19913,  39.75086
 -75.19774,  39.75534
 -75.19691,  39.75983
 -75.19599,  39.76031
 -75.19010,  39.76213
 -75.18424,  39.76279
 -75.17838,  39.76315
 -75.17332,  39.76403
 -75.17251,  39.76413
 -75.17126,  39.76400
 -75.16667,  39.76353
 -75.16097,  39.75937
 -75.16092,  39.75933
 -75.16051,  39.75937
 -75.15505,  39.76013
 -75.15342,  39.75928
 -75.14927,  39.75696
 -75.14696,  39.75470
 -75.14437,  39.75016
 -75.14359,  39.74887
 -75.14137,  39.74563
 -75.13791,  39.74152
 -75.13771,  39.74109
 -75.13797,  39.73889
 -75.13855,  39.73660
 -75.13808,  39.73360
 -75.13792,  39.73210
 -75.13808,  39.72760
 -75.13822,  39.72720
 -75.14353,  39.72318
 -75.14417,  39.72284
 -75.14497,  39.72320
END
 -13.00000, -74.95261,  39.73854
 -74.95262,  39.74303
 -74.95368,  39.74755
 -74.95357,  39.75204
 -74.95041,  39.75583
 -74.94479,  39.75191
 -74.94466,  39.75163
 -74.94280,  39.74739
 -74.93967,  39.74284
 -74.93906,  39.74196
 -74.93817,  39.73833
 -74.93918,  39.73713
 -74.94508,  39.73512
 -74.95091,  39.73544
 -74.95261,  39.73854
END
 -13.00000, -74.19665,  39.72960
 -74.19667,  39.72963
 -74.20213,  39.73421
 -74.20235,  39.73438
 -74.20470,  39.73877
 -74.20434,  39.74325
 -74.20257,  39.74771
 -74.20177,  39.75097
 -74.20101,  39.75218
 -74.19577,  39.75499
 -74.18987,  39.75629
 -74.18406,  39.75536
 -74.17832,  39.75217
 -74.17800,  39.75170
 -74.17754,  39.74719
 -74.17588,  39.74266
 -74.17583,  39.73816
 -74.17879,  39.73372
 -74.17908,  39.73087
 -74.17966,  39.72924
 -74.18503,  39.72810
 -74.19096,  39.72591
 -74.19665,  39.72960
END
END
