 -13.00000, -75.11253,  39.33152
 -75.11769,  39.33607
 -75.11771,  39.33609
 -75.12080,  39.34063
 -75.12086,  39.34513
 -75.12144,  39.34963
 -75.12317,  39.35143
 -75.12893,  39.35401
 -75.12908,  39.35423
 -75.13326,  39.35878
 -75.13458,  39.36136
 -75.13568,  39.36332
 -75.13812,  39.36784
 -75.13844,  39.37234
 -75.13431,  39.37384
 -75.12847,  39.37489
 -75.12331,  39.37664
 -75.12280,  39.38113
 -75.12824,  39.38515
 -75.13094,  39.38574
 -75.13403,  39.38662
 -75.13884,  39.39034
 -75.13975,  39.39126
 -75.14237,  39.39487
 -75.14254,  39.39938
 -75.14294,  39.40388
 -75.14149,  39.40836
 -75.13931,  39.41111
 -75.13348,  39.41189
 -75.12764,  39.41254
 -75.12183,  39.41219
 -75.12136,  39.41259
 -75.11771,  39.41704
 -75.11641,  39.42152
 -75.11584,  39.42601
 -75.11569,  39.42640
 -75.11415,  39.43048
 -75.11404,  39.43498
 -75.11118,  39.43944
 -75.11536,  39.44164
 -75.12090,  39.44407
 -75.12112,  39.44412
 -75.12695,  39.44424
 -75.12915,  39.44417
 -75.13277,  39.44406
 -75.13863,  39.44207
 -75.14171,  39.43984
 -75.14208,  39.43535
 -75.14129,  39.43084
 -75.14243,  39.42636
 -75.14316,  39.42187
 -75.14400,  39.41739
 -75.14507,  39.41389
 -75.14809,  39.41294
 -75.15092,  39.41269
 -75.15678,  39.41103
 -75.16261,  39.41029
 -75.16748,  39.40870
 -75.16847,  39.40841
 -75.17434,  39.40628
 -75.17674,  39.40432
 -75.18024,  39.40270
 -75.18304,  39.39989
 -75.18055,  39.39537
 -75.18040,  39.39500
 -75.17895,  39.39085
 -75.17490,  39.38630
 -75.17477,  39.38619
 -75.16901,  39.38320
 -75.16319,  39.38326
 -75.15736,  39.38386
 -75.15154,  39.38414
 -75.14577,  39.38205
 -75.14539,  39.38143
 -75.14581,  39.38035
 -75.14742,  39.37696
 -75.15173,  39.37557
 -75.15508,  39.37256
 -75.15745,  39.36809
 -75.15771,  39.36792
 -75.16334,  39.36367
 -75.16362,  39.36355
 -75.16850,  39.35924
 -75.16953,  39.35894
 -75.17151,  39.35928
 -75.17531,  39.36103
 -75.17844,  39.35936
 -75.18118,  39.35830
 -75.18279,  39.35942
 -75.18668,  39.36397
 -75.18687,  39.36410
 -75.19262,  39.36749
 -75.19370,  39.36855
 -75.19447,  39.37306
 -75.19469,  39.37756
 -75.19579,  39.38207
 -75.19810,  39.38359
 -75.20392,  39.38348
 -75.20972,  39.38400
 -75.21521,  39.38231
 -75.21558,  39.38210
 -75.22142,  39.38120
 -75.22330,  39.37792
 -75.22731,  39.37347
 -75.22740,  39.37336
 -75.23330,  39.36934
 -75.23359,  39.36905
 -75.23920,  39.36540
 -75.24164,  39.36465
 -75.24507,  39.36252
 -75.25089,  39.36279
 -75.25616,  39.36483
 -75.25665,  39.36508
 -75.26241,  39.36813
 -75.26351,  39.36941
 -75.26637,  39.37394
 -75.26806,  39.37638
 -75.27063,  39.37849
 -75.27379,  39.38067
 -75.27699,  39.38306
 -75.27953,  39.38477
 -75.28178,  39.38762
 -75.28268,  39.39212
 -75.28365,  39.39663
 -75.28504,  39.40031
 -75.28537,  39.40115
 -75.28827,  39.40568
 -75.29070,  39.40820
 -75.29375,  39.41024
 -75.29644,  39.41259
 -75.29896,  39.41480
 -75.30217,  39.41719
 -75.30468,  39.41936
 -75.30789,  39.42215
 -75.31372,  39.42188
 -75.31681,  39.41951
 -75.31964,  39.41682
 -75.32180,  39.41507
 -75.32378,  39.41059
 -75.32561,  39.40867
 -75.32915,  39.40615
 -75.33151,  39.40471
 -75.33736,  39.40299
 -75.33945,  39.40178
 -75.34122,  39.39730
 -75.34090,  39.39280
 -75.34094,  39.38830
 -75.34040,  39.38380
 -75.33778,  39.38098
 -75.33673,  39.37926
 -75.33790,  39.37490
 -75.34369,  39.37648
 -75.34584,  39.37936
 -75.34943,  39.38073
 -75.35050,  39.38391
 -75.35411,  39.38845
 -75.35508,  39.38948
 -75.35919,  39.39301
 -75.36082,  39.39366
 -75.36661,  39.39540
 -75.37240,  39.39672
 -75.37517,  39.39767
 -75.37816,  39.40002
 -75.38137,  39.40224
 -75.38391,  39.40367
 -75.38930,  39.40683
 -75.38966,  39.40738
 -75.39545,  39.40918
 -75.40126,  39.40962
 -75.40710,  39.40882
 -75.41289,  39.41033
 -75.41409,  39.41159
 -75.41855,  39.41614
 -75.41860,  39.41628
 -75.42435,  39.42046
 -75.42461,  39.42070
 -75.43011,  39.42389
 -75.43596,  39.42219
 -75.44179,  39.42195
 -75.44365,  39.42090
 -75.44684,  39.41644
 -75.44772,  39.41543
 -75.45360,  39.41223
 -75.45541,  39.41203
 -75.45943,  39.41130
 -75.46524,  39.41197
 -75.46574,  39.41213
 -75.47102,  39.41468
 -75.47435,  39.41222
 -75.47693,  39.40930
 -75.47850,  39.40777
 -75.48282,  39.40534
 -75.48867,  39.40343
 -75.48888,  39.40337
 -75.49451,  39.40176
 -75.50033,  39.40205
 -75.50613,  39.40316
 -75.50765,  39.40356
 -75.51193,  39.40436
 -75.51775,  39.40471
 -75.52357,  39.40480
 -75.52938,  39.40511
 -75.53521,  39.40443
 -75.54103,  39.40435
 -75.54501,  39.40392
 -75.54687,  39.40354
 -75.55268,  39.40361
 -75.55849,  39.40398
 -75.55904,  39.40406
 -75.56430,  39.40491
 -75.57009,  39.40666
 -75.57213,  39.40868
 -75.57216,  39.41317
 -75.57098,  39.41766
 -75.57053,  39.42216
 -75.56982,  39.42428
 -75.56881,  39.42663
 -75.56777,  39.43112
 -75.56870,  39.43563
 -75.56762,  39.44011
 -75.56841,  39.44462
 -75.56716,  39.44910
 -75.56831,  39.45361
 -75.56932,  39.45562
 -75.57279,  39.45815
 -75.57508,  39.46001
 -75.58089,  39.46097
 -75.58453,  39.45826
 -75.58677,  39.45733
 -75.59261,  39.45630
 -75.59595,  39.45837
 -75.59836,  39.46124
 -75.59908,  39.46289
 -75.60155,  39.46741
 -75.60402,  39.47172
 -75.60413,  39.47193
 -75.60978,  39.47640
 -75.61016,  39.47648
 -75.61559,  39.47745
 -75.62142,  39.47663
 -75.62154,  39.47658
 -75.62727,  39.47565
 -75.63312,  39.47393
 -75.63796,  39.47223
 -75.63898,  39.47166
 -75.64483,  39.46948
 -75.64806,  39.46782
 -75.65070,  39.46685
 -75.65653,  39.46595
 -75.66239,  39.46373
 -75.66279,  39.46346
 -75.66618,  39.45899
 -75.66830,  39.45743
 -75.67411,  39.45893
 -75.67518,  39.45906
 -75.67991,  39.46045
 -75.68126,  39.46361
 -75.68268,  39.46812
 -75.68427,  39.47263
 -75.68551,  39.47641
 -75.68575,  39.47714
 -75.68795,  39.48165
 -75.69124,  39.48327
 -75.69569,  39.48622
 -75.69574,  39.49071
 -75.69692,  39.49368
 -75.70032,  39.49525
 -75.70271,  39.49607
 -75.70599,  39.49979
 -75.70485,  39.50428
 -75.70258,  39.50569
 -75.69713,  39.50422
 -75.69678,  39.50412
 -75.69398,  39.49969
 -75.69106,  39.49657
 -75.68520,  39.49855
 -75.68253,  39.49959
 -75.67930,  39.50337
 -75.67724,  39.50405
 -75.67345,  39.50517
 -75.66848,  39.50847
 -75.67094,  39.51299
 -75.67331,  39.51511
 -75.67638,  39.51753
 -75.67877,  39.52205
 -75.67903,  39.52228
 -75.68168,  39.52657
 -75.68185,  39.53107
 -75.68110,  39.53555
 -75.67979,  39.54004
 -75.68171,  39.54455
 -75.68450,  39.54774
 -75.69034,  39.54772
 -75.69201,  39.54914
 -75.69058,  39.55362
 -75.69025,  39.55391
 -75.68441,  39.55421
 -75.67857,  39.55496
 -75.67272,  39.55624
 -75.66838,  39.55793
 -75.66681,  39.56150
 -75.66665,  39.56241
 -75.66679,  39.56303
 -75.66917,  39.56693
 -75.66763,  39.57141
 -75.66666,  39.57223
 -75.66458,  39.57588
 -75.66260,  39.58036
 -75.66067,  39.58324
 -75.65598,  39.58481
 -75.65480,  39.58549
 -75.64896,  39.58632
 -75.64310,  39.58735
 -75.63727,  39.58738
 -75.63144,  39.58683
 -75.62560,  39.58749
 -75.61977,  39.58703
 -75.61611,  39.58895
 -75.61388,  39.59036
 -75.60950,  39.59339
 -75.60799,  39.59448
 -75.60212,  39.59665
 -75.59627,  39.59725
 -75.59045,  39.59598
 -75.58463,  39.59515
 -75.57881,  39.59439
 -75.57298,  39.59397
 -75.56713,  39.59467
 -75.56128,  39.59572
 -75.55718,  39.59740
 -75.55539,  39.59934
 -75.55279,  39.60186
 -75.55358,  39.60636
 -75.55272,  39.61085
 -75.55070,  39.61533
 -75.54926,  39.61715
 -75.54678,  39.61979
 -75.54337,  39.62125
 -75.53752,  39.62135
 -75.53413,  39.61967
 -75.53174,  39.61796
 -75.52675,  39.61509
 -75.52596,  39.61456
 -75.52120,  39.61055
 -75.52022,  39.60886
 -75.51900,  39.60603
 -75.51779,  39.60152
 -75.51456,  39.59810
 -75.51233,  39.59697
 -75.50876,  39.59600
 -75.50592,  39.59690
 -75.50288,  39.59870
 -75.49702,  39.59960
 -75.49118,  39.60011
 -75.48537,  39.59834
 -75.48233,  39.59667
 -75.47959,  39.59518
 -75.47580,  39.59211
 -75.47386,  39.58908
 -75.47168,  39.58757
 -75.46809,  39.58572
 -75.46223,  39.58672
 -75.45643,  39.58497
 -75.45369,  39.58289
 -75.45067,  39.58060
 -75.44485,  39.57950
 -75.44346,  39.57829
 -75.43906,  39.57714
 -75.43455,  39.57819
 -75.43319,  39.57913
 -75.42731,  39.58154
 -75.42647,  39.58260
 -75.42606,  39.58709
 -75.42578,  39.59159
 -75.42597,  39.59608
 -75.42489,  39.60057
 -75.42107,  39.60476
 -75.42058,  39.60502
 -75.41660,  39.60948
 -75.41513,  39.61016
 -75.40925,  39.61264
 -75.40479,  39.61385
 -75.40338,  39.61419
 -75.39751,  39.61641
 -75.39289,  39.61822
 -75.39162,  39.61903
 -75.38771,  39.61816
 -75.38581,  39.61771
 -75.38004,  39.61405
 -75.37939,  39.61357
 -75.37670,  39.60905
 -75.37434,  39.60651
 -75.36977,  39.60447
 -75.36855,  39.60410
 -75.36272,  39.60402
 -75.35690,  39.60319
 -75.35111,  39.60033
 -75.34527,  39.60073
 -75.34280,  39.59967
 -75.33950,  39.59709
 -75.33562,  39.59509
 -75.33415,  39.59059
 -75.33380,  39.58988
 -75.32798,  39.58905
 -75.32737,  39.59051
 -75.32790,  39.59352
 -75.33086,  39.59504
 -75.32784,  39.59661
 -75.32665,  39.59949
 -75.32199,  39.60394
 -75.32186,  39.60401
 -75.31596,  39.60685
 -75.31011,  39.60792
 -75.30427,  39.60816
 -75.29848,  39.60579
 -75.29530,  39.60363
 -75.29276,  39.59944
 -75.29244,  39.59909
 -75.28964,  39.59456
 -75.28842,  39.59006
 -75.28717,  39.58719
 -75.28313,  39.58549
 -75.28139,  39.58447
 -75.28101,  39.58547
 -75.27831,  39.58994
 -75.27544,  39.59055
 -75.26959,  39.59100
 -75.26375,  39.59146
 -75.25792,  39.59111
 -75.25210,  39.59035
 -75.24627,  39.58988
 -75.24535,  39.58955
 -75.24052,  39.58604
 -75.23906,  39.58497
 -75.23644,  39.58044
 -75.23483,  39.57864
 -75.23238,  39.57589
 -75.23128,  39.57138
 -75.23075,  39.56688
 -75.22958,  39.56237
 -75.22973,  39.55788
 -75.23216,  39.55341
 -75.23270,  39.54892
 -75.22964,  39.54706
 -75.22381,  39.54731
 -75.21799,  39.54699
 -75.21214,  39.54784
 -75.20960,  39.54863
 -75.20625,  39.55057
 -75.20182,  39.55303
 -75.20035,  39.55362
 -75.19447,  39.55559
 -75.18890,  39.55737
 -75.18861,  39.55752
 -75.18488,  39.56181
 -75.18263,  39.56405
 -75.18023,  39.56625
 -75.17669,  39.56908
 -75.17525,  39.57069
 -75.17075,  39.57412
 -75.16902,  39.57510
 -75.16618,  39.57956
 -75.16476,  39.58126
 -75.16180,  39.58400
 -75.15883,  39.58589
 -75.15370,  39.58840
 -75.15292,  39.58898
 -75.14709,  39.58877
 -75.14654,  39.58831
 -75.14133,  39.58527
 -75.13975,  39.58372
 -75.13714,  39.57919
 -75.13675,  39.57468
 -75.13580,  39.57153
 -75.13525,  39.57017
 -75.13593,  39.56596
 -75.13601,  39.56569
 -75.14182,  39.56318
 -75.14684,  39.56133
 -75.14772,  39.55985
 -75.14876,  39.55685
 -75.14982,  39.55237
 -75.14793,  39.55028
 -75.14574,  39.55232
 -75.14198,  39.55547
 -75.13922,  39.55673
 -75.13608,  39.55899
 -75.13258,  39.56114
 -75.13017,  39.56247
 -75.12430,  39.56392
 -75.12075,  39.56548
 -75.11842,  39.56606
 -75.11251,  39.56949
 -75.11208,  39.56987
 -75.10662,  39.57204
 -75.10245,  39.57423
 -75.10072,  39.57481
 -75.09482,  39.57790
 -75.08897,  39.57829
 -75.08768,  39.57854
 -75.08308,  39.58091
 -75.07743,  39.58289
 -75.07719,  39.58304
 -75.07306,  39.58733
 -75.07124,  39.59180
 -75.07116,  39.59185
 -75.07084,  39.59179
 -75.06538,  39.58919
 -75.06152,  39.58718
 -75.06049,  39.58266
 -75.05973,  39.58146
 -75.05390,  39.58122
 -75.04808,  39.58056
 -75.04222,  39.58170
 -75.03925,  39.58237
 -75.03634,  39.58349
 -75.03046,  39.58528
 -75.02770,  39.58671
 -75.02454,  39.58898
 -75.02116,  39.59111
 -75.01862,  39.59249
 -75.01276,  39.59381
 -75.00694,  39.59319
 -75.00114,  39.59129
 -75.00019,  39.59081
 -74.99537,  39.58881
 -74.98955,  39.58833
 -74.98368,  39.58950
 -74.97998,  39.59052
 -74.97781,  39.59109
 -74.97194,  39.59255
 -74.96609,  39.59312
 -74.96021,  39.59455
 -74.95947,  39.59473
 -74.95432,  39.59698
 -74.94845,  39.59828
 -74.94734,  39.59905
 -74.94388,  39.60350
 -74.94246,  39.60447
 -74.93656,  39.60689
 -74.93071,  39.60748
 -74.92957,  39.60778
 -74.92483,  39.60932
 -74.91898,  39.60996
 -74.91314,  39.60978
 -74.90729,  39.61059
 -74.90524,  39.61192
 -74.90138,  39.61324
 -74.89548,  39.61588
 -74.89499,  39.61626
 -74.88953,  39.62030
 -74.88912,  39.62067
 -74.88358,  39.62430
 -74.88188,  39.62505
 -74.87769,  39.62650
 -74.87181,  39.62791
 -74.86597,  39.62804
 -74.86018,  39.62601
 -74.85720,  39.62468
 -74.85446,  39.62156
 -74.85174,  39.62010
 -74.84870,  39.61847
 -74.84293,  39.61601
 -74.84205,  39.61545
 -74.83720,  39.61199
 -74.83624,  39.61086
 -74.83445,  39.60633
 -74.83282,  39.60181
 -74.83173,  39.59769
 -74.82587,  39.59878
 -74.82047,  39.60162
 -74.81995,  39.60191
 -74.81403,  39.60483
 -74.80898,  39.60593
 -74.80817,  39.60607
 -74.80233,  39.60607
 -74.79650,  39.60584
 -74.79565,  39.60572
 -74.79068,  39.60504
 -74.78494,  39.60147
 -74.78447,  39.60105
 -74.77921,  39.59782
 -74.77340,  39.59653
 -74.77300,  39.59637
 -74.76762,  39.59469
 -74.76183,  39.59305
 -74.75601,  39.59207
 -74.75015,  39.59301
 -74.74427,  39.59477
 -74.74036,  39.59583
 -74.73840,  39.59617
 -74.73249,  39.59865
 -74.72662,  39.59973
 -74.72551,  39.60009
 -74.72308,  39.60455
 -74.72227,  39.60903
 -74.72043,  39.61240
 -74.71954,  39.61348
 -74.71614,  39.61792
 -74.71437,  39.62037
 -74.71188,  39.62235
 -74.70840,  39.62484
 -74.70258,  39.62413
 -74.69679,  39.62249
 -74.69560,  39.62208
 -74.69104,  39.61953
 -74.68524,  39.61795
 -74.68433,  39.61739
 -74.67950,  39.61486
 -74.67371,  39.61317
 -74.67182,  39.61268
 -74.66792,  39.61108
 -74.66639,  39.60809
 -74.66328,  39.60354
 -74.66242,  39.59945
 -74.66207,  39.59903
 -74.65668,  39.59634
 -74.65267,  39.59436
 -74.65094,  39.59275
 -74.64925,  39.58981
 -74.64790,  39.58529
 -74.64774,  39.58079
 -74.64621,  39.57627
 -74.64562,  39.57487
 -74.64417,  39.57174
 -74.64121,  39.56718
 -74.64004,  39.56636
 -74.63426,  39.56431
 -74.62844,  39.56389
 -74.62260,  39.56399
 -74.61674,  39.56480
 -74.61086,  39.56636
 -74.60505,  39.56588
 -74.59952,  39.56196
 -74.59933,  39.56168
 -74.59354,  39.56026
 -74.58778,  39.55786
 -74.58727,  39.55725
 -74.58205,  39.55452
 -74.58014,  39.55262
 -74.57764,  39.54808
 -74.57652,  39.54458
 -74.57632,  39.54356
 -74.57531,  39.53905
 -74.57658,  39.53457
 -74.57629,  39.53007
 -74.57700,  39.52856
 -74.57990,  39.52563
 -74.58302,  39.52200
 -74.58571,  39.52124
 -74.58890,  39.52036
 -74.59479,  39.51827
 -74.59647,  39.51693
 -74.60073,  39.51448
 -74.60239,  39.51254
 -74.60374,  39.50806
 -74.60526,  39.50360
 -74.60557,  39.49910
 -74.60553,  39.49460
 -74.60485,  39.49010
 -74.60596,  39.48561
 -74.60646,  39.48113
 -74.60698,  39.47664
 -74.60610,  39.47213
 -74.60610,  39.46763
 -74.60648,  39.46314
 -74.60641,  39.45864
 -74.60833,  39.45457
 -74.60854,  39.45417
 -74.60847,  39.45000
 -74.60846,  39.44968
 -74.60847,  39.44967
 -74.61440,  39.44631
 -74.61520,  39.44530
 -74.62032,  39.44309
 -74.62620,  39.44103
 -74.63201,  39.44146
 -74.63784,  39.44126
 -74.63813,  39.44120
 -74.64372,  39.43931
 -74.64798,  39.43687
 -74.64964,  39.43574
 -74.65535,  39.43250
 -74.65557,  39.43224
 -74.65975,  39.42808
 -74.66039,  39.42360
 -74.66170,  39.42168
 -74.66257,  39.41913
 -74.66328,  39.41465
 -74.66504,  39.41018
 -74.66796,  39.40623
 -74.67101,  39.40579
 -74.67381,  39.40501
 -74.67594,  39.40587
 -74.67955,  39.40815
 -74.68053,  39.41045
 -74.68411,  39.41500
 -74.68513,  39.41670
 -74.68893,  39.41958
 -74.69083,  39.42107
 -74.69595,  39.42420
 -74.69655,  39.42439
 -74.69788,  39.42423
 -74.70238,  39.42392
 -74.70796,  39.41990
 -74.70834,  39.41952
 -74.71300,  39.41549
 -74.71432,  39.41334
 -74.71526,  39.41103
 -74.71621,  39.40655
 -74.71809,  39.40208
 -74.71929,  39.39761
 -74.72063,  39.39597
 -74.72506,  39.39320
 -74.72655,  39.39246
 -74.73240,  39.39130
 -74.73821,  39.39162
 -74.74400,  39.39263
 -74.74729,  39.39357
 -74.74977,  39.39442
 -74.75555,  39.39598
 -74.76136,  39.39639
 -74.76717,  39.39676
 -74.77304,  39.39492
 -74.77442,  39.39400
 -74.77829,  39.38957
 -74.77902,  39.38900
 -74.78447,  39.38518
 -74.78496,  39.38454
 -74.79029,  39.38078
 -74.79092,  39.37893
 -74.79206,  39.37630
 -74.79579,  39.37186
 -74.79697,  39.37035
 -74.80164,  39.36746
 -74.80289,  39.36689
 -74.80874,  39.36552
 -74.81457,  39.36496
 -74.82039,  39.36498
 -74.82618,  39.36597
 -74.83198,  39.36662
 -74.83711,  39.36802
 -74.83775,  39.36834
 -74.84354,  39.36963
 -74.84937,  39.36882
 -74.85519,  39.36860
 -74.85577,  39.36831
 -74.86107,  39.36646
 -74.86692,  39.36523
 -74.87276,  39.36427
 -74.87612,  39.36413
 -74.87859,  39.36392
 -74.88441,  39.36345
 -74.88988,  39.36433
 -74.89021,  39.36442
 -74.89373,  39.36889
 -74.89388,  39.37339
 -74.89303,  39.37788
 -74.89285,  39.38237
 -74.89232,  39.38686
 -74.89059,  39.39133
 -74.89345,  39.39587
 -74.89516,  39.39853
 -74.89748,  39.40043
 -74.90091,  39.40142
 -74.90230,  39.40051
 -74.90686,  39.39622
 -74.90723,  39.39608
 -74.91273,  39.39393
 -74.91859,  39.39233
 -74.91982,  39.39177
 -74.92449,  39.38907
 -74.92662,  39.38737
 -74.93041,  39.38497
 -74.93428,  39.38299
 -74.93635,  39.38046
 -74.93895,  39.37856
 -74.94227,  39.37626
 -74.94662,  39.37418
 -74.94815,  39.37362
 -74.95402,  39.37175
 -74.95617,  39.36982
 -74.95995,  39.36667
 -74.96175,  39.36540
 -74.96375,  39.36094
 -74.96597,  39.35850
 -74.96858,  39.35651
 -74.97189,  39.35454
 -74.97773,  39.35343
 -74.98357,  39.35236
 -74.98938,  39.35252
 -74.99000,  39.35232
 -74.99525,  39.35027
 -75.00111,  39.34827
 -75.00256,  39.34800
 -75.00694,  39.34758
 -75.01279,  39.34619
 -75.01864,  39.34488
 -75.02227,  39.34379
 -75.02451,  39.34286
 -75.03040,  39.33959
 -75.03620,  39.33980
 -75.03712,  39.33949
 -75.04206,  39.33785
 -75.04788,  39.33772
 -75.04982,  39.33967
 -75.05358,  39.34262
 -75.05636,  39.33976
 -75.05948,  39.33927
 -75.06084,  39.33982
 -75.06520,  39.34327
 -75.07107,  39.34090
 -75.07619,  39.34003
 -75.07690,  39.34001
 -75.07806,  39.34006
 -75.08270,  39.34086
 -75.08846,  39.34291
 -75.09136,  39.34024
 -75.09438,  39.33883
 -75.09788,  39.33583
 -75.10028,  39.33456
 -75.10599,  39.33144
 -75.10617,  39.33129
 -75.11199,  39.33089
 -75.11253,  39.33152
END
 -13.00000, -75.33679,  39.37027
 -75.33215,  39.37119
 -75.33144,  39.37020
 -75.33218,  39.36998
 -75.33679,  39.37027
END
 -13.00000, -75.78217,  39.37898
 -75.77990,  39.38323
 -75.77725,  39.37894
 -75.77998,  39.37698
 -75.78217,  39.37898
END
 -13.00000, -75.07607,  39.38950
 -75.07578,  39.38975
 -75.07441,  39.39397
 -75.07430,  39.39847
 -75.07556,  39.39898
 -75.08134,  39.40047
 -75.08288,  39.39859
 -75.08161,  39.39407
 -75.08271,  39.38959
 -75.08166,  39.38694
 -75.07607,  39.38950
END
 -13.00000, -75.06979,  39.38942
 -75.06995,  39.38997
 -75.07517,  39.38949
 -75.06997,  39.38897
 -75.06979,  39.38942
END
 -13.00000, -75.60457,  39.39999
 -75.59926,  39.40234
 -75.59687,  39.39991
 -75.59933,  39.39750
 -75.60457,  39.39999
END
 -13.00000, -75.78185,  39.41046
 -75.77953,  39.41225
 -75.77747,  39.41042
 -75.77958,  39.40847
 -75.78185,  39.41046
END
 -13.00000, -75.75185,  39.41022
 -75.75043,  39.41262
 -75.74806,  39.41019
 -75.75048,  39.40853
 -75.75185,  39.41022
END
 -13.00000, -75.77422,  39.41939
 -75.77361,  39.42048
 -75.76776,  39.42227
 -75.76617,  39.41933
 -75.76783,  39.41696
 -75.77364,  39.41765
 -75.77422,  39.41939
END
 -13.00000, -75.74501,  39.41916
 -75.74451,  39.41953
 -75.73866,  39.42208
 -75.73713,  39.41910
 -75.73872,  39.41730
 -75.74453,  39.41846
 -75.74501,  39.41916
END
 -13.00000, -75.79102,  39.43750
 -75.79218,  39.44201
 -75.79077,  39.44422
 -75.78844,  39.44648
 -75.78816,  39.45097
 -75.78484,  39.45306
 -75.77898,  39.45528
 -75.77865,  39.45539
 -75.77431,  39.45986
 -75.77308,  39.46161
 -75.76725,  39.46200
 -75.76595,  39.45980
 -75.76322,  39.45528
 -75.76154,  39.45399
 -75.75574,  39.45166
 -75.74991,  39.45221
 -75.74410,  39.45098
 -75.73826,  39.45241
 -75.73245,  39.45127
 -75.73193,  39.45053
 -75.73034,  39.44603
 -75.72672,  39.44472
 -75.72091,  39.44341
 -75.71701,  39.44142
 -75.71842,  39.43694
 -75.72102,  39.43501
 -75.72643,  39.43700
 -75.72681,  39.43740
 -75.73260,  39.44012
 -75.73354,  39.44156
 -75.73662,  39.44608
 -75.73833,  39.44645
 -75.74411,  39.44999
 -75.74996,  39.44785
 -75.75578,  39.44799
 -75.75764,  39.44624
 -75.76165,  39.44514
 -75.76747,  39.44508
 -75.77330,  39.44465
 -75.77913,  39.44387
 -75.78498,  39.44201
 -75.78508,  39.44195
 -75.79061,  39.43750
 -75.79086,  39.43740
 -75.79102,  39.43750
END
 -13.00000, -75.71307,  39.44589
 -75.71411,  39.45039
 -75.71188,  39.45487
 -75.70908,  39.45683
 -75.70673,  39.45932
 -75.70866,  39.46384
 -75.70898,  39.46400
 -75.71476,  39.46725
 -75.71700,  39.46840
 -75.71471,  39.47124
 -75.71394,  39.47287
 -75.70884,  39.47454
 -75.70348,  39.47279
 -75.70305,  39.47165
 -75.70007,  39.46826
 -75.69729,  39.46719
 -75.69439,  39.46372
 -75.69382,  39.45922
 -75.69499,  39.45473
 -75.69592,  39.45024
 -75.69756,  39.44821
 -75.70340,  39.44622
 -75.70443,  39.44582
 -75.70924,  39.44482
 -75.71307,  39.44589
END
 -13.00000, -75.87201,  39.47855
 -75.87189,  39.47929
 -75.86615,  39.48301
 -75.86602,  39.48310
 -75.86373,  39.48749
 -75.86447,  39.49199
 -75.86588,  39.49538
 -75.86626,  39.49649
 -75.86586,  39.49711
 -75.86421,  39.50098
 -75.85996,  39.50315
 -75.85711,  39.50093
 -75.85757,  39.49644
 -75.85834,  39.49195
 -75.85896,  39.48746
 -75.86017,  39.48557
 -75.86597,  39.48301
 -75.86603,  39.48294
 -75.87119,  39.47855
 -75.87190,  39.47844
 -75.87201,  39.47855
END
 -13.00000, -75.82404,  39.47821
 -75.82241,  39.48270
 -75.81940,  39.48417
 -75.81698,  39.48266
 -75.81615,  39.47816
 -75.81952,  39.47467
 -75.82404,  39.47821
END
 -13.00000, -75.76626,  39.47778
 -75.76670,  39.48228
 -75.76695,  39.48539
 -75.76814,  39.48679
 -75.77271,  39.49071
 -75.77339,  39.49133
 -75.77374,  39.49583
 -75.77391,  39.50032
 -75.77257,  39.50202
 -75.76671,  39.50418
 -75.76394,  39.50475
 -75.76086,  39.50534
 -75.75838,  39.50471
 -75.75507,  39.50316
 -75.75050,  39.50464
 -75.74921,  39.50480
 -75.74334,  39.50832
 -75.73751,  39.50840
 -75.73170,  39.50673
 -75.72587,  39.50758
 -75.72355,  39.50892
 -75.72007,  39.51340
 -75.71996,  39.51345
 -75.71546,  39.51785
 -75.71559,  39.52235
 -75.71757,  39.52687
 -75.71973,  39.53011
 -75.72058,  39.53138
 -75.71971,  39.53166
 -75.71870,  39.53137
 -75.71392,  39.52894
 -75.70808,  39.53010
 -75.70519,  39.52676
 -75.70230,  39.52596
 -75.69649,  39.52453
 -75.69386,  39.52217
 -75.69373,  39.51768
 -75.69663,  39.51460
 -75.70141,  39.51324
 -75.70248,  39.51265
 -75.70831,  39.51245
 -75.71351,  39.51334
 -75.71413,  39.51348
 -75.71669,  39.51337
 -75.71613,  39.50887
 -75.71561,  39.50436
 -75.71609,  39.49987
 -75.71593,  39.49537
 -75.71655,  39.49088
 -75.71897,  39.48641
 -75.72034,  39.48568
 -75.72617,  39.48570
 -75.73199,  39.48611
 -75.73259,  39.48652
 -75.73630,  39.49104
 -75.73773,  39.49181
 -75.74355,  39.49234
 -75.74934,  39.49544
 -75.75061,  39.49565
 -75.75514,  39.49740
 -75.75757,  39.49570
 -75.76100,  39.49481
 -75.76665,  39.49128
 -75.76524,  39.48677
 -75.76111,  39.48649
 -75.75531,  39.48459
 -75.75425,  39.48219
 -75.75457,  39.47770
 -75.75542,  39.47624
 -75.76128,  39.47374
 -75.76626,  39.47778
END
 -13.00000, -75.84383,  39.50084
 -75.84248,  39.50323
 -75.83665,  39.50290
 -75.83146,  39.50525
 -75.83510,  39.50977
 -75.83472,  39.51426
 -75.83649,  39.51668
 -75.84232,  39.51657
 -75.84372,  39.51882
 -75.84287,  39.52332
 -75.84253,  39.52781
 -75.84214,  39.53230
 -75.84214,  39.53231
 -75.84212,  39.53230
 -75.83634,  39.52951
 -75.83587,  39.52776
 -75.83627,  39.52327
 -75.83587,  39.51877
 -75.83068,  39.51525
 -75.82697,  39.51421
 -75.82563,  39.50970
 -75.83043,  39.50524
 -75.83080,  39.50518
 -75.83614,  39.50078
 -75.83669,  39.49982
 -75.84254,  39.49878
 -75.84383,  39.50084
END
 -13.00000, -75.82129,  39.50068
 -75.81919,  39.50181
 -75.81808,  39.50065
 -75.81922,  39.49883
 -75.82129,  39.50068
END
 -13.00000, -75.85287,  39.50989
 -75.84819,  39.51330
 -75.84602,  39.50985
 -75.84827,  39.50673
 -75.85287,  39.50989
END
 -13.00000, -75.82282,  39.51868
 -75.81893,  39.52293
 -75.81721,  39.51863
 -75.81900,  39.51719
 -75.82282,  39.51868
END
 -13.00000, -75.79276,  39.51846
 -75.79184,  39.52294
 -75.78976,  39.52436
 -75.78706,  39.52291
 -75.78711,  39.51841
 -75.78988,  39.51564
 -75.79276,  39.51846
END
 -13.00000, -75.78361,  39.52738
 -75.78385,  39.53094
 -75.78386,  39.53188
 -75.78384,  39.53191
 -75.77797,  39.53487
 -75.77520,  39.53631
 -75.77431,  39.54079
 -75.77204,  39.54289
 -75.76621,  39.54236
 -75.76552,  39.54073
 -75.76626,  39.53884
 -75.76874,  39.53626
 -75.77216,  39.53372
 -75.77386,  39.53180
 -75.77574,  39.52732
 -75.77808,  39.52634
 -75.78361,  39.52738
END
 -13.00000, -75.60683,  39.53041
 -75.60635,  39.53490
 -75.60518,  39.53939
 -75.60422,  39.54388
 -75.60400,  39.54837
 -75.60403,  39.55287
 -75.60574,  39.55738
 -75.60696,  39.56189
 -75.60843,  39.56502
 -75.61052,  39.56642
 -75.61421,  39.56866
 -75.61778,  39.56648
 -75.62009,  39.56598
 -75.62597,  39.56274
 -75.62696,  39.56207
 -75.63002,  39.55760
 -75.63120,  39.55312
 -75.63197,  39.55103
 -75.63236,  39.54862
 -75.63202,  39.54787
 -75.62901,  39.54410
 -75.62634,  39.53958
 -75.62631,  39.53951
 -75.62466,  39.53506
 -75.62125,  39.53054
 -75.62062,  39.53010
 -75.61482,  39.52825
 -75.60899,  39.52800
 -75.60683,  39.53041
END
 -13.00000, -75.73292,  39.54047
 -75.73123,  39.54239
 -75.72710,  39.54043
 -75.73131,  39.53665
 -75.73292,  39.54047
END
 -13.00000, -75.70262,  39.54023
 -75.70210,  39.54108
 -75.69980,  39.54021
 -75.70212,  39.53924
 -75.70262,  39.54023
END
 -13.00000, -75.97235,  39.55113
 -75.97019,  39.55329
 -75.96844,  39.55111
 -75.97024,  39.54832
 -75.97235,  39.55113
END
 -13.00000, -75.83105,  39.55021
 -75.83241,  39.55472
 -75.83386,  39.55922
 -75.83109,  39.56370
 -75.83009,  39.56421
 -75.82864,  39.56368
 -75.82465,  39.55916
 -75.82569,  39.55467
 -75.82862,  39.55019
 -75.83027,  39.54961
 -75.83105,  39.55021
END
 -13.00000, -75.81430,  39.55009
 -75.81274,  39.55221
 -75.80692,  39.55146
 -75.80468,  39.55002
 -75.80695,  39.54891
 -75.81278,  39.54911
 -75.81430,  39.55009
END
 -13.00000, -75.76346,  39.54971
 -75.76196,  39.55420
 -75.76021,  39.55561
 -75.75464,  39.55414
 -75.75440,  39.55402
 -75.74859,  39.55265
 -75.74702,  39.54958
 -75.74865,  39.54769
 -75.75449,  39.54725
 -75.76034,  39.54587
 -75.76346,  39.54971
END
 -13.00000, -75.79500,  39.55445
 -75.79522,  39.55468
 -75.79612,  39.55895
 -75.79592,  39.56345
 -75.79507,  39.56646
 -75.79448,  39.56793
 -75.79212,  39.57241
 -75.78914,  39.57434
 -75.78327,  39.57656
 -75.78240,  39.57683
 -75.77740,  39.58004
 -75.77685,  39.58129
 -75.77662,  39.58578
 -75.77537,  39.59027
 -75.77244,  39.59475
 -75.77137,  39.59530
 -75.76569,  39.59919
 -75.76547,  39.59949
 -75.76122,  39.60365
 -75.75957,  39.60454
 -75.75784,  39.60362
 -75.75468,  39.59910
 -75.75384,  39.59720
 -75.75098,  39.59458
 -75.75021,  39.59008
 -75.75396,  39.58765
 -75.75648,  39.58563
 -75.75983,  39.58467
 -75.76358,  39.58118
 -75.76479,  39.57670
 -75.76495,  39.57220
 -75.76572,  39.56771
 -75.76589,  39.56731
 -75.76875,  39.56324
 -75.77180,  39.56126
 -75.77448,  39.55879
 -75.77769,  39.55751
 -75.78355,  39.55494
 -75.78480,  39.55437
 -75.78941,  39.55279
 -75.79500,  39.55445
END
 -13.00000, -75.71399,  39.55381
 -75.71686,  39.55833
 -75.71719,  39.56284
 -75.71925,  39.56553
 -75.72431,  39.56739
 -75.72465,  39.57189
 -75.71913,  39.57445
 -75.71650,  39.57182
 -75.71496,  39.56731
 -75.71340,  39.56675
 -75.70757,  39.56646
 -75.70176,  39.56519
 -75.69869,  39.56268
 -75.69875,  39.55819
 -75.70187,  39.55664
 -75.70518,  39.55374
 -75.70776,  39.55241
 -75.71358,  39.55349
 -75.71399,  39.55381
END
 -13.00000, -74.73917,  39.54634
 -74.73711,  39.55081
 -74.73952,  39.55505
 -74.73987,  39.55535
 -74.73950,  39.55595
 -74.73876,  39.55983
 -74.73939,  39.56026
 -74.74519,  39.56142
 -74.75096,  39.56363
 -74.75682,  39.56261
 -74.76271,  39.56055
 -74.76299,  39.56023
 -74.76274,  39.55950
 -74.75957,  39.55567
 -74.75710,  39.55256
 -74.75621,  39.55112
 -74.75142,  39.54691
 -74.74875,  39.54650
 -74.74561,  39.54598
 -74.73980,  39.54526
 -74.73917,  39.54634
END
 -13.00000, -75.37852,  39.55960
 -75.38101,  39.56108
 -75.38204,  39.55964
 -75.38106,  39.55869
 -75.37852,  39.55960
END
 -13.00000, -74.91669,  39.55812
 -74.91435,  39.56156
 -74.91166,  39.56254
 -74.91431,  39.56320
 -74.92015,  39.56313
 -74.92065,  39.56268
 -74.92119,  39.55819
 -74.92029,  39.55753
 -74.91669,  39.55812
END
 -13.00000, -75.71014,  39.57627
 -75.71324,  39.57823
 -75.71412,  39.58080
 -75.71318,  39.58291
 -75.71022,  39.58526
 -75.70726,  39.58927
 -75.70272,  39.58520
 -75.70148,  39.58500
 -75.69565,  39.58494
 -75.68981,  39.58493
 -75.68462,  39.58055
 -75.68542,  39.57606
 -75.68996,  39.57463
 -75.69582,  39.57284
 -75.70164,  39.57338
 -75.70744,  39.57579
 -75.71014,  39.57627
END
 -13.00000, -75.21394,  39.57117
 -75.21741,  39.57479
 -75.21902,  39.57573
 -75.22128,  39.58026
 -75.21724,  39.58292
 -75.21539,  39.58468
 -75.21129,  39.58854
 -75.20547,  39.58735
 -75.20375,  39.58453
 -75.19978,  39.58101
 -75.19932,  39.57998
 -75.19981,  39.57901
 -75.20334,  39.57553
 -75.20479,  39.57106
 -75.20583,  39.57037
 -75.21169,  39.56926
 -75.21394,  39.57117
END
 -13.00000, -74.88998,  39.57571
 -74.88478,  39.57736
 -74.87893,  39.57811
 -74.87682,  39.58001
 -74.87878,  39.58373
 -74.88127,  39.58458
 -74.88455,  39.58631
 -74.89040,  39.58618
 -74.89230,  39.58474
 -74.89636,  39.58101
 -74.89745,  39.58032
 -74.89641,  39.57919
 -74.89180,  39.57574
 -74.89066,  39.57555
 -74.88998,  39.57571
END
 -13.00000, -75.86201,  39.59090
 -75.85894,  39.59184
 -75.85800,  39.59087
 -75.85897,  39.58908
 -75.86201,  39.59090
END
 -13.00000, -75.74390,  39.59452
 -75.74622,  39.59903
 -75.74506,  39.60352
 -75.74205,  39.60548
 -75.73624,  39.60431
 -75.73540,  39.60345
 -75.73425,  39.59894
 -75.73635,  39.59573
 -75.74065,  39.59450
 -75.74220,  39.59395
 -75.74390,  39.59452
END
 -13.00000, -75.73550,  39.61694
 -75.73601,  39.62093
 -75.73616,  39.62144
 -75.73600,  39.62158
 -75.73011,  39.62580
 -75.72726,  39.62587
 -75.72427,  39.62607
 -75.72379,  39.62584
 -75.71890,  39.62130
 -75.72135,  39.61683
 -75.72442,  39.61469
 -75.73026,  39.61446
 -75.73550,  39.61694
END
 -13.00000, -74.51529,  39.60992
 -74.51614,  39.61103
 -74.51998,  39.61451
 -74.52184,  39.61581
 -74.52352,  39.61907
 -74.52174,  39.62354
 -74.52159,  39.62375
 -74.51675,  39.62794
 -74.51560,  39.62856
 -74.51070,  39.63232
 -74.50964,  39.63265
 -74.50861,  39.63229
 -74.50394,  39.62804
 -74.50337,  39.62769
 -74.49824,  39.62350
 -74.49799,  39.62310
 -74.49684,  39.61858
 -74.49848,  39.61577
 -74.50079,  39.61415
 -74.50448,  39.61051
 -74.50511,  39.60974
 -74.51044,  39.60641
 -74.51529,  39.60992
END
END
