 -13.00000, -75.71310,  39.28850
 -75.71143,  39.29298
 -75.71132,  39.29304
 -75.71109,  39.29298
 -75.70846,  39.28846
 -75.71140,  39.28723
 -75.71310,  39.28850
END
 -13.00000, -75.69572,  39.29735
 -75.69673,  39.30186
 -75.69374,  39.30391
 -75.68792,  39.30434
 -75.68431,  39.30175
 -75.68488,  39.29726
 -75.68805,  39.29556
 -75.69385,  39.29636
 -75.69572,  39.29735
END
 -13.00000, -75.52308,  39.30029
 -75.52203,  39.30477
 -75.51932,  39.30915
 -75.51925,  39.30925
 -75.51931,  39.30946
 -75.52082,  39.31376
 -75.52234,  39.31826
 -75.52496,  39.31957
 -75.53043,  39.32285
 -75.53072,  39.32292
 -75.53651,  39.32408
 -75.54228,  39.32642
 -75.54363,  39.32747
 -75.54618,  39.33199
 -75.54797,  39.33417
 -75.55074,  39.33652
 -75.55369,  39.34070
 -75.55413,  39.34106
 -75.55361,  39.34521
 -75.55359,  39.34555
 -75.55360,  39.34563
 -75.55450,  39.35006
 -75.55476,  39.35455
 -75.55564,  39.35906
 -75.55740,  39.36357
 -75.55912,  39.36470
 -75.56493,  39.36535
 -75.57076,  39.36414
 -75.57126,  39.36370
 -75.57564,  39.35925
 -75.57668,  39.35715
 -75.57790,  39.35477
 -75.57934,  39.35029
 -75.57918,  39.34579
 -75.57693,  39.34137
 -75.57688,  39.34127
 -75.57693,  39.34122
 -75.58279,  39.33828
 -75.58593,  39.33686
 -75.58864,  39.33612
 -75.59445,  39.33632
 -75.60027,  39.33636
 -75.60139,  39.33700
 -75.60369,  39.34152
 -75.60339,  39.34601
 -75.60550,  39.35053
 -75.60586,  39.35076
 -75.61163,  39.35366
 -75.61745,  39.35389
 -75.62328,  39.35296
 -75.62909,  39.35286
 -75.63303,  39.35078
 -75.63496,  39.34945
 -75.64080,  39.34726
 -75.64217,  39.34636
 -75.64666,  39.34452
 -75.65250,  39.34238
 -75.65334,  39.34196
 -75.65798,  39.33750
 -75.65839,  39.33732
 -75.65900,  39.33751
 -75.66416,  39.34026
 -75.66634,  39.34207
 -75.66991,  39.34504
 -75.67202,  39.34662
 -75.67268,  39.35112
 -75.67138,  39.35561
 -75.66974,  39.35718
 -75.66869,  39.36008
 -75.66967,  39.36205
 -75.67294,  39.36461
 -75.67496,  39.36913
 -75.67538,  39.36950
 -75.68117,  39.37125
 -75.68216,  39.37368
 -75.68694,  39.37456
 -75.69276,  39.37433
 -75.69531,  39.37379
 -75.69864,  39.36964
 -75.70441,  39.37346
 -75.70513,  39.37387
 -75.71019,  39.37574
 -75.71390,  39.37394
 -75.71595,  39.36947
 -75.71609,  39.36931
 -75.72195,  39.36682
 -75.72385,  39.36953
 -75.72305,  39.37402
 -75.72190,  39.37851
 -75.72179,  39.37892
 -75.72063,  39.38300
 -75.72021,  39.38749
 -75.72098,  39.39199
 -75.72159,  39.39321
 -75.72739,  39.39447
 -75.73322,  39.39407
 -75.73405,  39.39210
 -75.73380,  39.38760
 -75.73336,  39.38321
 -75.73333,  39.38310
 -75.73336,  39.38304
 -75.73442,  39.37861
 -75.73808,  39.37414
 -75.73933,  39.37219
 -75.74098,  39.37416
 -75.74506,  39.37808
 -75.74538,  39.37870
 -75.74652,  39.38320
 -75.74671,  39.38770
 -75.74557,  39.39219
 -75.74487,  39.39313
 -75.73902,  39.39531
 -75.73510,  39.39660
 -75.73477,  39.40110
 -75.73389,  39.40558
 -75.73887,  39.40638
 -75.74468,  39.40724
 -75.75047,  39.40905
 -75.75630,  39.40845
 -75.76141,  39.40580
 -75.76216,  39.40557
 -75.76803,  39.40152
 -75.76861,  39.40136
 -75.77389,  39.39851
 -75.77596,  39.39692
 -75.77975,  39.39560
 -75.78381,  39.39698
 -75.78552,  39.39867
 -75.78864,  39.39701
 -75.79137,  39.39625
 -75.79723,  39.39277
 -75.79832,  39.39259
 -75.80308,  39.39098
 -75.80892,  39.38875
 -75.80950,  39.38818
 -75.81480,  39.38405
 -75.81716,  39.38374
 -75.82063,  39.38335
 -75.82645,  39.38275
 -75.82984,  39.38383
 -75.83224,  39.38455
 -75.83802,  39.38804
 -75.83852,  39.38839
 -75.84379,  39.39268
 -75.84399,  39.39292
 -75.84956,  39.39608
 -75.85540,  39.39477
 -75.86123,  39.39346
 -75.86704,  39.39400
 -75.87286,  39.39474
 -75.87675,  39.39764
 -75.87675,  39.40214
 -75.87422,  39.40662
 -75.87350,  39.41111
 -75.87263,  39.41416
 -75.86680,  39.41520
 -75.86600,  39.41106
 -75.86355,  39.40654
 -75.86109,  39.40543
 -75.85765,  39.40651
 -75.85523,  39.40909
 -75.85435,  39.41098
 -75.85368,  39.41547
 -75.85055,  39.41995
 -75.85507,  39.42301
 -75.86089,  39.42368
 -75.86517,  39.42005
 -75.86679,  39.41585
 -75.87260,  39.41745
 -75.87315,  39.42010
 -75.87363,  39.42460
 -75.87568,  39.42911
 -75.87531,  39.43360
 -75.87421,  39.43810
 -75.87345,  39.44258
 -75.87229,  39.44414
 -75.86646,  39.44515
 -75.86064,  39.44470
 -75.85480,  39.44658
 -75.84898,  39.44632
 -75.84663,  39.44690
 -75.84399,  39.45138
 -75.84886,  39.45591
 -75.84887,  39.45591
 -75.85329,  39.46043
 -75.85459,  39.46413
 -75.85513,  39.46494
 -75.86039,  39.46672
 -75.86620,  39.46775
 -75.87005,  39.46505
 -75.87007,  39.46055
 -75.87186,  39.45607
 -75.87216,  39.45583
 -75.87801,  39.45300
 -75.88118,  39.45163
 -75.88389,  39.44830
 -75.88428,  39.44716
 -75.88976,  39.44388
 -75.89558,  39.44503
 -75.89985,  39.44726
 -75.89964,  39.45176
 -75.89548,  39.45329
 -75.88963,  39.45538
 -75.88721,  39.45617
 -75.88507,  39.46066
 -75.88373,  39.46262
 -75.87818,  39.46510
 -75.87788,  39.46521
 -75.87208,  39.46956
 -75.87200,  39.46968
 -75.86615,  39.47214
 -75.86518,  39.47400
 -75.86095,  39.47847
 -75.86023,  39.48030
 -75.85956,  39.47846
 -75.85448,  39.47411
 -75.85416,  39.47393
 -75.84868,  39.47161
 -75.84631,  39.46938
 -75.84293,  39.46511
 -75.83987,  39.46484
 -75.83712,  39.46418
 -75.83615,  39.46481
 -75.83617,  39.46931
 -75.83421,  39.47379
 -75.83116,  39.47518
 -75.82532,  39.47646
 -75.81950,  39.47635
 -75.81452,  39.47815
 -75.81380,  39.48264
 -75.81651,  39.48716
 -75.81694,  39.49165
 -75.81927,  39.49500
 -75.82307,  39.49619
 -75.82493,  39.50070
 -75.81916,  39.50372
 -75.81335,  39.50233
 -75.81073,  39.50510
 -75.80746,  39.50721
 -75.80622,  39.50956
 -75.80352,  39.51404
 -75.80154,  39.51502
 -75.79583,  39.51398
 -75.79572,  39.51395
 -75.79217,  39.50946
 -75.78999,  39.50676
 -75.78704,  39.50492
 -75.78642,  39.50042
 -75.78427,  39.49809
 -75.77846,  39.49659
 -75.77527,  39.50034
 -75.77365,  39.50482
 -75.77251,  39.50600
 -75.76767,  39.50927
 -75.77244,  39.51204
 -75.77825,  39.51316
 -75.77943,  39.51386
 -75.78403,  39.51743
 -75.78450,  39.51839
 -75.78539,  39.52290
 -75.78973,  39.52736
 -75.78980,  39.52743
 -75.78971,  39.52848
 -75.78387,  39.53009
 -75.78132,  39.53186
 -75.77800,  39.53263
 -75.77216,  39.53411
 -75.76945,  39.53626
 -75.76626,  39.53918
 -75.76540,  39.54073
 -75.76317,  39.54521
 -75.76031,  39.54830
 -75.75925,  39.54967
 -75.75442,  39.55278
 -75.74942,  39.55410
 -75.74857,  39.55430
 -75.74273,  39.55473
 -75.73690,  39.55426
 -75.73299,  39.55846
 -75.73112,  39.56294
 -75.73095,  39.56306
 -75.73065,  39.56294
 -75.72837,  39.55843
 -75.73103,  39.55667
 -75.73648,  39.55400
 -75.73421,  39.54948
 -75.73116,  39.54723
 -75.72535,  39.54607
 -75.72301,  39.54490
 -75.71959,  39.54096
 -75.71461,  39.54483
 -75.71551,  39.54933
 -75.71435,  39.55382
 -75.71355,  39.55536
 -75.70995,  39.55828
 -75.70766,  39.56049
 -75.70604,  39.56274
 -75.70177,  39.56429
 -75.69595,  39.56350
 -75.69012,  39.56305
 -75.68428,  39.56391
 -75.68079,  39.56703
 -75.67834,  39.57150
 -75.67834,  39.57151
 -75.67247,  39.57396
 -75.66663,  39.57405
 -75.66130,  39.57136
 -75.66085,  39.57051
 -75.65836,  39.56684
 -75.65679,  39.56233
 -75.65517,  39.56026
 -75.65300,  39.55780
 -75.64940,  39.55568
 -75.64357,  39.55573
 -75.63773,  39.55634
 -75.63410,  39.55764
 -75.63184,  39.55975
 -75.62821,  39.56208
 -75.62595,  39.56350
 -75.62202,  39.56652
 -75.62002,  39.57059
 -75.61983,  39.57100
 -75.61413,  39.57398
 -75.61153,  39.57542
 -75.60825,  39.57698
 -75.60300,  39.57984
 -75.60236,  39.58037
 -75.59650,  39.58271
 -75.59242,  39.58424
 -75.59062,  39.58503
 -75.58542,  39.58867
 -75.58472,  39.58910
 -75.57885,  39.59166
 -75.57300,  39.59284
 -75.56717,  39.59261
 -75.56333,  39.58846
 -75.56287,  39.58397
 -75.56323,  39.57947
 -75.56158,  39.57733
 -75.55914,  39.57494
 -75.55595,  39.57041
 -75.55585,  39.57034
 -75.55006,  39.56755
 -75.54420,  39.56895
 -75.54090,  39.57027
 -75.53834,  39.57128
 -75.53250,  39.57150
 -75.52662,  39.57450
 -75.52649,  39.57462
 -75.52074,  39.57655
 -75.51487,  39.57900
 -75.50906,  39.57811
 -75.50323,  39.57768
 -75.49741,  39.57639
 -75.49160,  39.57499
 -75.48765,  39.57424
 -75.48579,  39.57380
 -75.47997,  39.57335
 -75.47414,  39.57290
 -75.46830,  39.57317
 -75.46246,  39.57385
 -75.45663,  39.57337
 -75.45080,  39.57336
 -75.44498,  39.57183
 -75.43919,  39.56974
 -75.43829,  39.56924
 -75.43542,  39.56471
 -75.43438,  39.56020
 -75.43354,  39.55955
 -75.42848,  39.55564
 -75.42778,  39.55519
 -75.42200,  39.55198
 -75.41884,  39.55104
 -75.41620,  39.55064
 -75.41241,  39.55098
 -75.41035,  39.55127
 -75.40961,  39.55095
 -75.40456,  39.54960
 -75.39873,  39.54917
 -75.39292,  39.54807
 -75.38710,  39.54737
 -75.38123,  39.54951
 -75.37975,  39.55062
 -75.37790,  39.55510
 -75.37837,  39.55960
 -75.37704,  39.56408
 -75.37682,  39.56858
 -75.37500,  39.57090
 -75.37360,  39.57304
 -75.36907,  39.57607
 -75.36765,  39.57747
 -75.36615,  39.58195
 -75.36305,  39.58572
 -75.36203,  39.58640
 -75.35716,  39.58889
 -75.35453,  39.59082
 -75.35126,  39.59202
 -75.34782,  39.59074
 -75.34548,  39.58929
 -75.34062,  39.58616
 -75.33971,  39.58563
 -75.33562,  39.58161
 -75.33632,  39.57711
 -75.33995,  39.57333
 -75.34054,  39.57267
 -75.34109,  39.56818
 -75.34596,  39.56380
 -75.34605,  39.56374
 -75.35011,  39.55928
 -75.34979,  39.55479
 -75.35028,  39.55030
 -75.34631,  39.54592
 -75.34614,  39.54575
 -75.34053,  39.54290
 -75.33803,  39.54116
 -75.33481,  39.53724
 -75.33353,  39.53661
 -75.33084,  39.53209
 -75.32909,  39.53140
 -75.32732,  39.53205
 -75.32319,  39.53477
 -75.31844,  39.53644
 -75.31733,  39.53659
 -75.31483,  39.53640
 -75.31150,  39.53623
 -75.31026,  39.53635
 -75.30566,  39.53669
 -75.29984,  39.53669
 -75.29395,  39.53935
 -75.29114,  39.54062
 -75.28806,  39.54231
 -75.28253,  39.54502
 -75.28217,  39.54516
 -75.27629,  39.54762
 -75.27045,  39.54837
 -75.26461,  39.54855
 -75.25883,  39.54588
 -75.25310,  39.54467
 -75.25302,  39.54464
 -75.25293,  39.54467
 -75.24718,  39.54542
 -75.24129,  39.54783
 -75.23959,  39.54900
 -75.23537,  39.55226
 -75.23308,  39.55342
 -75.22949,  39.55469
 -75.22364,  39.55553
 -75.21779,  39.55634
 -75.21339,  39.55767
 -75.21191,  39.55873
 -75.20918,  39.56212
 -75.20596,  39.56438
 -75.20293,  39.56654
 -75.19998,  39.57099
 -75.19997,  39.57100
 -75.19413,  39.57216
 -75.18823,  39.57504
 -75.18717,  39.57533
 -75.18236,  39.57687
 -75.17854,  39.57972
 -75.17651,  39.58419
 -75.17636,  39.58459
 -75.17458,  39.58867
 -75.17094,  39.59311
 -75.17033,  39.59338
 -75.16445,  39.59555
 -75.15860,  39.59647
 -75.15274,  39.59725
 -75.14691,  39.59702
 -75.14111,  39.59552
 -75.13528,  39.59496
 -75.12946,  39.59462
 -75.12360,  39.59548
 -75.11775,  39.59597
 -75.11191,  39.59647
 -75.10606,  39.59674
 -75.10026,  39.59554
 -75.09447,  39.59302
 -75.09048,  39.59206
 -75.08868,  39.59104
 -75.08559,  39.59200
 -75.08282,  39.59224
 -75.07697,  39.59305
 -75.07110,  39.59460
 -75.06676,  39.59624
 -75.06521,  39.59697
 -75.05931,  39.59976
 -75.05347,  39.60010
 -75.04762,  39.60014
 -75.04189,  39.59601
 -75.04166,  39.59589
 -75.03613,  39.59280
 -75.03232,  39.59126
 -75.03035,  39.59004
 -75.02461,  39.58667
 -75.02460,  39.58665
 -75.01884,  39.58343
 -75.01709,  39.58206
 -75.01311,  39.57874
 -75.01031,  39.57747
 -75.00733,  39.57659
 -75.00153,  39.57499
 -74.99573,  39.57394
 -74.98991,  39.57343
 -74.98405,  39.57445
 -74.97816,  39.57639
 -74.97707,  39.57700
 -74.97433,  39.58145
 -74.97433,  39.58595
 -74.97445,  39.59045
 -74.97191,  39.59362
 -74.96873,  39.59486
 -74.96600,  39.59674
 -74.96014,  39.59765
 -74.95432,  39.59698
 -74.94854,  39.59470
 -74.94814,  39.59456
 -74.94275,  39.59269
 -74.93695,  39.59142
 -74.93168,  39.58982
 -74.93116,  39.58960
 -74.92797,  39.58527
 -74.92552,  39.58159
 -74.92497,  39.58073
 -74.92278,  39.57620
 -74.91992,  39.57209
 -74.91945,  39.57165
 -74.91656,  39.56711
 -74.91429,  39.56411
 -74.90846,  39.56374
 -74.90257,  39.56606
 -74.90101,  39.56688
 -74.89667,  39.56898
 -74.89413,  39.57127
 -74.89072,  39.57323
 -74.88560,  39.57565
 -74.88480,  39.57645
 -74.88035,  39.58006
 -74.88192,  39.58458
 -74.88239,  39.58908
 -74.88398,  39.59361
 -74.88435,  39.59437
 -74.88612,  39.59814
 -74.88907,  39.60268
 -74.88996,  39.60318
 -74.89515,  39.60727
 -74.89568,  39.60789
 -74.90039,  39.61185
 -74.90140,  39.61256
 -74.90648,  39.61643
 -74.90709,  39.61821
 -74.90987,  39.62098
 -74.90916,  39.62547
 -74.90681,  39.62947
 -74.90654,  39.62993
 -74.90087,  39.63347
 -74.89501,  39.63417
 -74.88919,  39.63338
 -74.88531,  39.62960
 -74.88351,  39.62729
 -74.88115,  39.62504
 -74.87778,  39.62287
 -74.87539,  39.62046
 -74.87212,  39.61627
 -74.87142,  39.61591
 -74.86636,  39.61284
 -74.86372,  39.61129
 -74.86067,  39.60723
 -74.86050,  39.60674
 -74.85851,  39.60221
 -74.85835,  39.59771
 -74.85946,  39.59323
 -74.86080,  39.58875
 -74.86118,  39.58757
 -74.86283,  39.58429
 -74.86514,  39.57983
 -74.86224,  39.57529
 -74.86152,  39.57458
 -74.85787,  39.57072
 -74.85581,  39.56963
 -74.85003,  39.56771
 -74.84421,  39.56723
 -74.83838,  39.56706
 -74.83254,  39.56689
 -74.82671,  39.56713
 -74.82082,  39.56890
 -74.81501,  39.56821
 -74.81041,  39.56998
 -74.80911,  39.57050
 -74.80330,  39.56990
 -74.80298,  39.56986
 -74.79749,  39.56902
 -74.79168,  39.56795
 -74.78825,  39.56963
 -74.78578,  39.57044
 -74.77989,  39.57250
 -74.77537,  39.57392
 -74.77400,  39.57428
 -74.76810,  39.57687
 -74.76598,  39.57826
 -74.76399,  39.58273
 -74.76239,  39.58720
 -74.76202,  39.59169
 -74.76186,  39.59200
 -74.75804,  39.59612
 -74.75580,  39.60008
 -74.75538,  39.60058
 -74.75569,  39.60398
 -74.75574,  39.60508
 -74.75562,  39.60661
 -74.75533,  39.60958
 -74.75122,  39.61401
 -74.74956,  39.61477
 -74.74812,  39.61395
 -74.74390,  39.60939
 -74.74387,  39.60928
 -74.74163,  39.60485
 -74.73825,  39.60142
 -74.73706,  39.60028
 -74.73254,  39.59694
 -74.72673,  39.59588
 -74.72191,  39.60003
 -74.72076,  39.60085
 -74.71546,  39.60442
 -74.71479,  39.60535
 -74.71162,  39.60886
 -74.70873,  39.61319
 -74.70869,  39.61330
 -74.70408,  39.61773
 -74.70270,  39.62021
 -74.69988,  39.62215
 -74.69678,  39.62315
 -74.69089,  39.62493
 -74.68602,  39.62642
 -74.68499,  39.62683
 -74.67909,  39.62886
 -74.67323,  39.62956
 -74.66737,  39.63044
 -74.66690,  39.63059
 -74.66150,  39.63173
 -74.65923,  39.63046
 -74.65579,  39.62686
 -74.65523,  39.62589
 -74.65307,  39.62135
 -74.65266,  39.61686
 -74.65353,  39.61237
 -74.65483,  39.60790
 -74.65640,  39.60582
 -74.65883,  39.60347
 -74.66238,  39.60093
 -74.66385,  39.59905
 -74.66838,  39.59517
 -74.67221,  39.59470
 -74.67425,  39.59420
 -74.68007,  39.59482
 -74.68030,  39.59484
 -74.68589,  39.59531
 -74.69173,  39.59510
 -74.69199,  39.59503
 -74.69762,  39.59346
 -74.70350,  39.59176
 -74.70545,  39.59076
 -74.70943,  39.58808
 -74.71530,  39.58720
 -74.71653,  39.58644
 -74.72125,  39.58290
 -74.72156,  39.58204
 -74.72132,  39.58037
 -74.72047,  39.57752
 -74.71816,  39.57298
 -74.71679,  39.56846
 -74.71587,  39.56650
 -74.71475,  39.56393
 -74.71338,  39.55941
 -74.71368,  39.55492
 -74.71453,  39.55044
 -74.71057,  39.54754
 -74.70476,  39.54702
 -74.69893,  39.54684
 -74.69305,  39.54826
 -74.68908,  39.55001
 -74.68713,  39.55136
 -74.68294,  39.55440
 -74.68119,  39.55540
 -74.67529,  39.55783
 -74.66946,  39.55758
 -74.66615,  39.55862
 -74.66355,  39.56005
 -74.65771,  39.56021
 -74.65525,  39.55843
 -74.65200,  39.55606
 -74.65068,  39.55385
 -74.64981,  39.54934
 -74.64924,  39.54484
 -74.64889,  39.54034
 -74.64902,  39.53584
 -74.64843,  39.53133
 -74.64931,  39.52684
 -74.65033,  39.52237
 -74.65307,  39.51917
 -74.65625,  39.51797
 -74.65894,  39.51767
 -74.66480,  39.51661
 -74.66882,  39.51369
 -74.67075,  39.51233
 -74.67333,  39.50927
 -74.67661,  39.50483
 -74.67681,  39.50428
 -74.67818,  39.50036
 -74.68145,  39.49591
 -74.68292,  39.49427
 -74.68439,  39.49147
 -74.68571,  39.48699
 -74.68850,  39.48254
 -74.68919,  39.47874
 -74.68933,  39.47806
 -74.69314,  39.47363
 -74.69525,  39.47055
 -74.69671,  39.46918
 -74.70085,  39.46476
 -74.70125,  39.46457
 -74.70716,  39.46126
 -74.71299,  39.46134
 -74.71873,  39.46432
 -74.72110,  39.46510
 -74.72448,  39.46697
 -74.73026,  39.46879
 -74.73206,  39.46977
 -74.73600,  39.47161
 -74.74182,  39.47201
 -74.74766,  39.47155
 -74.75205,  39.47010
 -74.75353,  39.46980
 -74.75939,  39.46861
 -74.76443,  39.46581
 -74.76530,  39.46524
 -74.77119,  39.46289
 -74.77702,  39.46283
 -74.78286,  39.46236
 -74.78870,  39.46199
 -74.79015,  39.46172
 -74.79457,  39.46010
 -74.79843,  39.46185
 -74.80034,  39.46229
 -74.80164,  39.46190
 -74.80627,  39.45825
 -74.80810,  39.45751
 -74.81217,  39.45553
 -74.81624,  39.45314
 -74.81814,  39.45007
 -74.81930,  39.44870
 -74.82315,  39.44426
 -74.82417,  39.44197
 -74.82505,  39.43979
 -74.82427,  39.43839
 -74.82172,  39.43524
 -74.81859,  39.43297
 -74.81338,  39.43061
 -74.81284,  39.43039
 -74.80702,  39.43014
 -74.80594,  39.43049
 -74.80115,  39.43210
 -74.79533,  39.43158
 -74.78947,  39.43341
 -74.78457,  39.43015
 -74.78374,  39.42962
 -74.77798,  39.42756
 -74.77576,  39.42551
 -74.77345,  39.42097
 -74.77243,  39.41740
 -74.77198,  39.41645
 -74.77238,  39.41196
 -74.77231,  39.40747
 -74.77277,  39.40500
 -74.77305,  39.40298
 -74.77473,  39.39851
 -74.77885,  39.39497
 -74.78054,  39.39410
 -74.78477,  39.39161
 -74.78765,  39.38972
 -74.79069,  39.38785
 -74.79440,  39.38983
 -74.79642,  39.39091
 -74.80222,  39.39213
 -74.80614,  39.39451
 -74.80794,  39.39563
 -74.81373,  39.39663
 -74.81958,  39.39550
 -74.82410,  39.39480
 -74.82543,  39.39441
 -74.83127,  39.39381
 -74.83712,  39.39243
 -74.84296,  39.39144
 -74.84544,  39.39064
 -74.84884,  39.38946
 -74.85337,  39.38626
 -74.85477,  39.38492
 -74.85789,  39.38184
 -74.86039,  39.37738
 -74.86079,  39.37706
 -74.86665,  39.37593
 -74.87247,  39.37531
 -74.87829,  39.37568
 -74.88410,  39.37561
 -74.88994,  39.37511
 -74.89181,  39.37336
 -74.89507,  39.36892
 -74.89593,  39.36825
 -74.90174,  39.36452
 -74.90184,  39.36447
 -74.90773,  39.36151
 -74.91192,  39.36017
 -74.91359,  39.35979
 -74.91550,  39.36023
 -74.91938,  39.36092
 -74.92096,  39.36031
 -74.92524,  39.35911
 -74.93104,  39.35998
 -74.93685,  39.36001
 -74.94266,  39.36055
 -74.94847,  39.36069
 -74.95432,  39.35921
 -74.95851,  39.35636
 -74.96024,  39.35503
 -74.96611,  39.35269
 -74.96883,  39.35202
 -74.97197,  39.35087
 -74.97629,  39.34763
 -74.97788,  39.34703
 -74.98376,  39.34426
 -74.98573,  39.34327
 -74.98965,  39.33883
 -74.98971,  39.33878
 -74.99561,  39.33539
 -74.99642,  39.33443
 -75.00154,  39.33017
 -75.00171,  39.33000
 -75.00157,  39.32916
 -75.00064,  39.32549
 -75.00166,  39.32101
 -75.00176,  39.32088
 -75.00767,  39.31716
 -75.00941,  39.31662
 -75.01351,  39.31584
 -75.01936,  39.31450
 -75.02519,  39.31332
 -75.03100,  39.31369
 -75.03680,  39.31443
 -75.04258,  39.31563
 -75.04688,  39.31715
 -75.04832,  39.31853
 -75.05328,  39.32173
 -75.05405,  39.32237
 -75.05978,  39.32611
 -75.06203,  39.32634
 -75.06557,  39.32674
 -75.06680,  39.32641
 -75.07142,  39.32540
 -75.07727,  39.32368
 -75.08225,  39.32213
 -75.08313,  39.32189
 -75.08900,  39.31891
 -75.09483,  39.31843
 -75.09589,  39.31781
 -75.10069,  39.31640
 -75.10651,  39.31624
 -75.11234,  39.31565
 -75.11815,  39.31537
 -75.12396,  39.31545
 -75.12977,  39.31557
 -75.13448,  39.31833
 -75.13551,  39.31902
 -75.13865,  39.31838
 -75.14134,  39.31823
 -75.14242,  39.31843
 -75.14709,  39.32132
 -75.15289,  39.32154
 -75.15877,  39.31885
 -75.16456,  39.31987
 -75.16641,  39.31874
 -75.17045,  39.31627
 -75.17629,  39.31452
 -75.17682,  39.31438
 -75.18214,  39.31312
 -75.18800,  39.31093
 -75.19315,  39.31009
 -75.19383,  39.31000
 -75.19409,  39.31010
 -75.19960,  39.31211
 -75.20542,  39.31142
 -75.21120,  39.31309
 -75.21706,  39.31076
 -75.22288,  39.31055
 -75.22867,  39.31170
 -75.23440,  39.31509
 -75.23441,  39.31510
 -75.24018,  39.31710
 -75.24434,  39.31971
 -75.24590,  39.32179
 -75.25169,  39.32314
 -75.25748,  39.32426
 -75.26141,  39.32442
 -75.26328,  39.32449
 -75.26909,  39.32493
 -75.27486,  39.32665
 -75.28067,  39.32730
 -75.28645,  39.32876
 -75.29228,  39.32807
 -75.29812,  39.32691
 -75.30396,  39.32512
 -75.30443,  39.32492
 -75.30981,  39.32316
 -75.31564,  39.32290
 -75.32017,  39.32511
 -75.32140,  39.32560
 -75.32600,  39.32967
 -75.32712,  39.33028
 -75.33291,  39.33139
 -75.33871,  39.33224
 -75.34451,  39.33300
 -75.35030,  39.33411
 -75.35336,  39.33448
 -75.35610,  39.33483
 -75.36189,  39.33609
 -75.36767,  39.33804
 -75.36914,  39.33915
 -75.37341,  39.34218
 -75.37459,  39.34371
 -75.37797,  39.34825
 -75.37908,  39.34976
 -75.38486,  39.35181
 -75.38727,  39.35284
 -75.39065,  39.35349
 -75.39207,  39.35289
 -75.39655,  39.34908
 -75.39790,  39.34846
 -75.40242,  39.34558
 -75.40495,  39.34404
 -75.40829,  39.34221
 -75.41411,  39.34215
 -75.41992,  39.34259
 -75.42574,  39.34228
 -75.43158,  39.34076
 -75.43740,  39.34035
 -75.44058,  39.33992
 -75.44323,  39.33955
 -75.44899,  39.33551
 -75.44912,  39.33532
 -75.45499,  39.33156
 -75.46081,  39.33185
 -75.46384,  39.33117
 -75.46089,  39.32670
 -75.46088,  39.32664
 -75.45943,  39.32214
 -75.46103,  39.31765
 -75.46105,  39.31763
 -75.46687,  39.31759
 -75.47269,  39.31705
 -75.47849,  39.31742
 -75.47971,  39.31784
 -75.48079,  39.32235
 -75.47839,  39.32362
 -75.47252,  39.32667
 -75.47220,  39.32676
 -75.46909,  39.33122
 -75.47067,  39.33574
 -75.47234,  39.33699
 -75.47382,  39.34027
 -75.47804,  39.34380
 -75.48153,  39.34484
 -75.48383,  39.34584
 -75.48960,  39.34812
 -75.49400,  39.34946
 -75.49539,  39.34965
 -75.49684,  39.34949
 -75.50124,  39.34776
 -75.50464,  39.34507
 -75.50598,  39.34059
 -75.50686,  39.33610
 -75.50616,  39.33160
 -75.50544,  39.32710
 -75.50166,  39.32258
 -75.50164,  39.32256
 -75.50133,  39.31806
 -75.50174,  39.31753
 -75.50382,  39.31359
 -75.50473,  39.30910
 -75.50685,  39.30462
 -75.50732,  39.30013
 -75.50785,  39.29952
 -75.51369,  39.29816
 -75.51951,  39.29723
 -75.52308,  39.30029
END
 -13.00000, -75.82336,  39.32533
 -75.82549,  39.32983
 -75.82441,  39.33432
 -75.82119,  39.33685
 -75.81537,  39.33728
 -75.80959,  39.33478
 -75.80846,  39.33421
 -75.80569,  39.32969
 -75.80970,  39.32546
 -75.81054,  39.32523
 -75.81554,  39.32333
 -75.82134,  39.32407
 -75.82336,  39.32533
END
 -13.00000, -75.72250,  39.33804
 -75.72295,  39.34254
 -75.72805,  39.34540
 -75.73386,  39.34615
 -75.73576,  39.34714
 -75.73763,  39.35165
 -75.73956,  39.35460
 -75.74135,  39.35618
 -75.74124,  39.36067
 -75.73943,  39.36416
 -75.73415,  39.36062
 -75.73367,  39.36027
 -75.72790,  39.35703
 -75.72777,  39.35608
 -75.72540,  39.35156
 -75.72565,  39.34706
 -75.72227,  39.34313
 -75.71859,  39.34251
 -75.71650,  39.33941
 -75.71584,  39.33799
 -75.71652,  39.33782
 -75.72234,  39.33788
 -75.72250,  39.33804
END
 -13.00000, -75.70831,  39.33792
 -75.70793,  39.34242
 -75.70480,  39.34471
 -75.69897,  39.34639
 -75.69413,  39.34231
 -75.69421,  39.33781
 -75.69913,  39.33415
 -75.70493,  39.33548
 -75.70831,  39.33792
END
 -13.00000, -76.05964,  39.34927
 -76.05944,  39.34952
 -76.05930,  39.34927
 -76.05945,  39.34912
 -76.05964,  39.34927
END
 -13.00000, -75.75150,  39.34727
 -75.75275,  39.35177
 -75.75122,  39.35241
 -75.74824,  39.35174
 -75.75088,  39.34726
 -75.75129,  39.34716
 -75.75150,  39.34727
END
 -13.00000, -75.78337,  39.35651
 -75.78481,  39.36101
 -75.78014,  39.36456
 -75.77434,  39.36366
 -75.76853,  39.36285
 -75.76598,  39.36087
 -75.76861,  39.35698
 -75.77070,  39.35641
 -75.77444,  39.35588
 -75.78026,  39.35503
 -75.78337,  39.35651
END
 -13.00000, -75.80939,  39.37019
 -75.80915,  39.37038
 -75.80899,  39.37019
 -75.80916,  39.36980
 -75.80939,  39.37019
END
 -13.00000, -75.90760,  39.37986
 -75.90228,  39.38432
 -75.90205,  39.38581
 -75.90101,  39.38881
 -75.89616,  39.39165
 -75.89358,  39.39326
 -75.89032,  39.39386
 -75.88821,  39.39323
 -75.88653,  39.38871
 -75.89013,  39.38424
 -75.89043,  39.38370
 -75.89629,  39.38089
 -75.89748,  39.37980
 -75.90212,  39.37862
 -75.90760,  39.37986
END
 -13.00000, -75.54613,  39.38145
 -75.54134,  39.38501
 -75.54027,  39.38589
 -75.54128,  39.38911
 -75.54134,  39.39040
 -75.54125,  39.39062
 -75.53619,  39.39485
 -75.53530,  39.39896
 -75.53515,  39.39933
 -75.53529,  39.39939
 -75.54106,  39.40242
 -75.54353,  39.40391
 -75.54684,  39.40459
 -75.55038,  39.40397
 -75.55268,  39.40358
 -75.55602,  39.39954
 -75.55669,  39.39504
 -75.55634,  39.39054
 -75.55608,  39.38604
 -75.55303,  39.38165
 -75.55165,  39.38151
 -75.54723,  39.38029
 -75.54613,  39.38145
END
 -13.00000, -75.69817,  39.38731
 -75.69804,  39.39181
 -75.69833,  39.39192
 -75.69855,  39.39181
 -75.69864,  39.38731
 -75.69840,  39.38712
 -75.69817,  39.38731
END
 -13.00000, -75.95396,  39.40713
 -75.95400,  39.41163
 -75.94829,  39.41489
 -75.94467,  39.41607
 -75.94367,  39.42056
 -75.94337,  39.42506
 -75.94556,  39.42956
 -75.94559,  39.43406
 -75.94372,  39.43855
 -75.94219,  39.44160
 -75.94192,  39.44303
 -75.94217,  39.44399
 -75.94269,  39.44753
 -75.94209,  39.45151
 -75.94190,  39.45202
 -75.93623,  39.45479
 -75.93040,  39.45555
 -75.92461,  39.45284
 -75.92312,  39.45191
 -75.92036,  39.44739
 -75.91886,  39.44542
 -75.91790,  39.44738
 -75.91757,  39.45187
 -75.91626,  39.45636
 -75.91498,  39.46085
 -75.91409,  39.46534
 -75.91861,  39.46905
 -75.91906,  39.46986
 -75.91856,  39.47334
 -75.91811,  39.47435
 -75.91666,  39.47885
 -75.91779,  39.48335
 -75.91763,  39.48785
 -75.91658,  39.49234
 -75.91251,  39.49476
 -75.90667,  39.49549
 -75.90084,  39.49579
 -75.89501,  39.49567
 -75.88919,  39.49524
 -75.88337,  39.49501
 -75.87756,  39.49305
 -75.87651,  39.49207
 -75.87760,  39.48969
 -75.87862,  39.48759
 -75.88348,  39.48532
 -75.88619,  39.48314
 -75.88843,  39.47866
 -75.88939,  39.47785
 -75.89521,  39.47787
 -75.90106,  39.47568
 -75.90484,  39.47427
 -75.90691,  39.47276
 -75.91275,  39.47171
 -75.91695,  39.46986
 -75.91280,  39.46682
 -75.91064,  39.46532
 -75.90701,  39.46438
 -75.90518,  39.46079
 -75.90341,  39.45628
 -75.90173,  39.45177
 -75.90189,  39.44727
 -75.90724,  39.44323
 -75.91076,  39.44283
 -75.91307,  39.44212
 -75.91630,  39.43837
 -75.91664,  39.43388
 -75.91666,  39.42938
 -75.91906,  39.42685
 -75.92377,  39.42943
 -75.92483,  39.43212
 -75.92583,  39.43393
 -75.93061,  39.43559
 -75.93629,  39.43400
 -75.93615,  39.42950
 -75.93072,  39.42567
 -75.92605,  39.42495
 -75.92493,  39.42295
 -75.92464,  39.42044
 -75.92496,  39.41926
 -75.92627,  39.41595
 -75.93084,  39.41402
 -75.93658,  39.41153
 -75.93668,  39.41139
 -75.94254,  39.40757
 -75.94270,  39.40706
 -75.94841,  39.40311
 -75.95396,  39.40713
END
 -13.00000, -75.77916,  39.41043
 -75.77955,  39.41124
 -75.78123,  39.41045
 -75.77957,  39.40925
 -75.77916,  39.41043
END
 -13.00000, -75.72667,  39.41003
 -75.72716,  39.41172
 -75.73035,  39.41455
 -75.72714,  39.41902
 -75.73283,  39.42269
 -75.73576,  39.41909
 -75.73510,  39.41459
 -75.73490,  39.41009
 -75.73306,  39.40587
 -75.72720,  39.40902
 -75.72667,  39.41003
END
 -13.00000, -75.69710,  39.40978
 -75.69807,  39.41088
 -75.70390,  39.41048
 -75.70969,  39.41263
 -75.71177,  39.40990
 -75.70974,  39.40849
 -75.70391,  39.40945
 -75.69810,  39.40864
 -75.69710,  39.40978
END
 -13.00000, -75.90246,  39.41580
 -75.90447,  39.42031
 -75.90163,  39.42385
 -75.89584,  39.42091
 -75.89546,  39.42025
 -75.89586,  39.41936
 -75.90053,  39.41579
 -75.90173,  39.41537
 -75.90246,  39.41580
END
 -13.00000, -75.97315,  39.42074
 -75.97149,  39.42277
 -75.96846,  39.42071
 -75.97154,  39.41805
 -75.97315,  39.42074
END
 -13.00000, -75.81854,  39.41972
 -75.82014,  39.42384
 -75.82065,  39.41973
 -75.82019,  39.41918
 -75.81854,  39.41972
END
 -13.00000, -75.78443,  39.41947
 -75.78359,  39.42396
 -75.77937,  39.42553
 -75.77632,  39.42840
 -75.77521,  39.43288
 -75.77341,  39.43580
 -75.77222,  39.43736
 -75.77335,  39.44041
 -75.77399,  39.44187
 -75.77914,  39.44340
 -75.78493,  39.44518
 -75.78568,  39.44646
 -75.78654,  39.45096
 -75.78558,  39.45544
 -75.78478,  39.45718
 -75.78120,  39.45991
 -75.78474,  39.46042
 -75.79053,  39.46288
 -75.79306,  39.46000
 -75.79606,  39.45552
 -75.79646,  39.45514
 -75.80233,  39.45166
 -75.80305,  39.45108
 -75.80614,  39.44661
 -75.80823,  39.44559
 -75.81408,  39.44282
 -75.81569,  39.44218
 -75.81863,  39.43771
 -75.82001,  39.43360
 -75.82236,  39.43324
 -75.82584,  39.43297
 -75.82659,  39.43327
 -75.83166,  39.43364
 -75.83437,  39.43332
 -75.83752,  39.43056
 -75.84335,  39.42926
 -75.84424,  39.42889
 -75.84339,  39.42624
 -75.83755,  39.42741
 -75.83174,  39.42680
 -75.82591,  39.42720
 -75.82012,  39.42463
 -75.81929,  39.42422
 -75.81432,  39.42337
 -75.81286,  39.42418
 -75.80913,  39.42864
 -75.80843,  39.42947
 -75.80807,  39.43313
 -75.80252,  39.43626
 -75.79668,  39.43685
 -75.79087,  39.43648
 -75.78700,  39.43298
 -75.78604,  39.42847
 -75.79101,  39.42527
 -75.79288,  39.42403
 -75.79689,  39.42037
 -75.80020,  39.41959
 -75.79691,  39.41863
 -75.79114,  39.41514
 -75.78530,  39.41670
 -75.78443,  39.41947
END
 -13.00000, -75.98314,  39.42979
 -75.98376,  39.43429
 -75.98428,  39.43879
 -75.98293,  39.44296
 -75.98232,  39.44328
 -75.97710,  39.44430
 -75.97128,  39.44456
 -75.96727,  39.44319
 -75.96674,  39.43869
 -75.97137,  39.43536
 -75.97453,  39.43423
 -75.97714,  39.42976
 -75.97725,  39.42955
 -75.98306,  39.42975
 -75.98314,  39.42979
END
 -13.00000, -75.71523,  39.42792
 -75.71419,  39.43240
 -75.71523,  39.43323
 -75.72103,  39.43429
 -75.72404,  39.43248
 -75.72533,  39.42800
 -75.72115,  39.42575
 -75.71530,  39.42788
 -75.71523,  39.42792
END
 -13.00000, -75.69678,  39.43676
 -75.69617,  39.44125
 -75.69762,  39.44303
 -75.70346,  39.44219
 -75.70602,  39.44133
 -75.70661,  39.43684
 -75.70355,  39.43539
 -75.69772,  39.43577
 -75.69678,  39.43676
END
 -13.00000, -74.69758,  39.42422
 -74.70229,  39.42761
 -74.70315,  39.42881
 -74.70388,  39.43333
 -74.70538,  39.43785
 -74.70546,  39.44234
 -74.70377,  39.44682
 -74.70280,  39.45130
 -74.70158,  39.45245
 -74.69572,  39.45374
 -74.68987,  39.45472
 -74.68432,  39.45098
 -74.68416,  39.45077
 -74.67966,  39.44641
 -74.67851,  39.44456
 -74.67583,  39.44185
 -74.67601,  39.43735
 -74.67882,  39.43377
 -74.67909,  39.43291
 -74.68003,  39.42842
 -74.68477,  39.42401
 -74.68492,  39.42390
 -74.69082,  39.42118
 -74.69657,  39.42362
 -74.69758,  39.42422
END
 -13.00000, -75.96038,  39.44764
 -75.96129,  39.45214
 -75.96232,  39.45665
 -75.96278,  39.46115
 -75.95944,  39.46287
 -75.95751,  39.46112
 -75.95793,  39.45662
 -75.95815,  39.45212
 -75.95899,  39.44764
 -75.95960,  39.44731
 -75.96038,  39.44764
END
 -13.00000, -75.82935,  39.45127
 -75.82863,  39.45576
 -75.82784,  39.46026
 -75.83129,  39.46434
 -75.83651,  39.46032
 -75.83682,  39.45582
 -75.83466,  39.45131
 -75.83147,  39.44880
 -75.82935,  39.45127
END
 -13.00000, -75.76118,  39.45077
 -75.76157,  39.45162
 -75.76183,  39.45077
 -75.76157,  39.45052
 -75.76118,  39.45077
END
 -13.00000, -75.73766,  39.45058
 -75.73827,  39.45119
 -75.73924,  39.45059
 -75.73830,  39.44884
 -75.73766,  39.45058
END
 -13.00000, -75.70738,  39.45933
 -75.70904,  39.45993
 -75.70947,  39.45935
 -75.70905,  39.45913
 -75.70738,  39.45933
END
 -13.00000, -75.73064,  39.46851
 -75.73219,  39.47058
 -75.73653,  39.46856
 -75.73222,  39.46809
 -75.73064,  39.46851
END
 -13.00000, -75.95946,  39.47911
 -75.95927,  39.47982
 -75.95500,  39.48358
 -75.95633,  39.48809
 -75.95577,  39.49258
 -75.95329,  39.49516
 -75.94745,  39.49676
 -75.94695,  39.49702
 -75.94511,  39.50151
 -75.94152,  39.50585
 -75.94110,  39.50598
 -75.93690,  39.51045
 -75.93563,  39.51178
 -75.93356,  39.51493
 -75.92976,  39.51669
 -75.92766,  39.51938
 -75.92607,  39.52387
 -75.92383,  39.52542
 -75.91800,  39.52601
 -75.91454,  39.52380
 -75.91370,  39.51929
 -75.91598,  39.51481
 -75.91813,  39.51334
 -75.92324,  39.51036
 -75.92400,  39.50935
 -75.92644,  39.50589
 -75.92989,  39.50408
 -75.93327,  39.50143
 -75.93437,  39.49694
 -75.93581,  39.49434
 -75.94115,  39.49249
 -75.94167,  39.49221
 -75.94260,  39.48800
 -75.94758,  39.48375
 -75.95113,  39.48355
 -75.95341,  39.48322
 -75.95904,  39.47911
 -75.95928,  39.47897
 -75.95946,  39.47911
END
 -13.00000, -75.85756,  39.48745
 -75.85693,  39.49194
 -75.85425,  39.49371
 -75.84840,  39.49568
 -75.84665,  39.49636
 -75.84395,  39.50084
 -75.84248,  39.50348
 -75.83665,  39.50383
 -75.83271,  39.50076
 -75.83198,  39.49626
 -75.83366,  39.49177
 -75.83596,  39.48730
 -75.83685,  39.48679
 -75.84270,  39.48523
 -75.84853,  39.48445
 -75.85435,  39.48433
 -75.85756,  39.48745
END
 -13.00000, -75.73730,  39.49105
 -75.73774,  39.49125
 -75.73845,  39.49106
 -75.73775,  39.49056
 -75.73730,  39.49105
END
 -13.00000, -75.68936,  39.49066
 -75.68748,  39.49514
 -75.68523,  39.49636
 -75.68316,  39.49960
 -75.68513,  39.50351
 -75.69096,  39.50286
 -75.69231,  39.49968
 -75.69166,  39.49517
 -75.69694,  39.49230
 -75.70278,  39.49107
 -75.70336,  39.49078
 -75.70281,  39.48885
 -75.69702,  39.48627
 -75.69117,  39.48794
 -75.68936,  39.49066
END
 -13.00000, -74.63475,  39.49062
 -74.63634,  39.49265
 -74.63994,  39.49520
 -74.64207,  39.49622
 -74.64474,  39.49978
 -74.64347,  39.50426
 -74.64180,  39.50572
 -74.63802,  39.50866
 -74.63585,  39.50967
 -74.63049,  39.51303
 -74.62992,  39.51316
 -74.62959,  39.51302
 -74.62534,  39.50844
 -74.62428,  39.50661
 -74.62292,  39.50390
 -74.61864,  39.50031
 -74.61831,  39.49933
 -74.61869,  39.49865
 -74.62420,  39.49493
 -74.62466,  39.49361
 -74.62637,  39.49047
 -74.63064,  39.48862
 -74.63475,  39.49062
END
 -13.00000, -75.84322,  39.52332
 -75.84804,  39.52655
 -75.84990,  39.52786
 -75.85280,  39.53238
 -75.85377,  39.53478
 -75.85522,  39.53689
 -75.85676,  39.54139
 -75.85365,  39.54491
 -75.85300,  39.54587
 -75.85029,  39.55035
 -75.84774,  39.55190
 -75.84659,  39.55032
 -75.84196,  39.54755
 -75.83611,  39.54842
 -75.83308,  39.55022
 -75.83417,  39.55473
 -75.83468,  39.55923
 -75.83247,  39.56371
 -75.83009,  39.56492
 -75.82697,  39.56367
 -75.82472,  39.55916
 -75.82635,  39.55468
 -75.82821,  39.55019
 -75.82746,  39.54569
 -75.82681,  39.54119
 -75.82458,  39.53796
 -75.82310,  39.53666
 -75.81879,  39.53500
 -75.81400,  39.53659
 -75.81429,  39.54109
 -75.81287,  39.54237
 -75.80703,  39.54261
 -75.80450,  39.54102
 -75.80709,  39.53736
 -75.80966,  39.53656
 -75.81294,  39.53606
 -75.81584,  39.53212
 -75.81676,  39.52763
 -75.81889,  39.52603
 -75.82473,  39.52542
 -75.83057,  39.52453
 -75.83404,  39.52325
 -75.83644,  39.52127
 -75.84227,  39.52125
 -75.84322,  39.52332
END
 -13.00000, -75.68922,  39.52663
 -75.68560,  39.53110
 -75.68468,  39.53519
 -75.68460,  39.53558
 -75.68467,  39.53629
 -75.68495,  39.54008
 -75.68929,  39.54462
 -75.69038,  39.54494
 -75.69147,  39.54464
 -75.69624,  39.54259
 -75.70208,  39.54195
 -75.70791,  39.54197
 -75.71372,  39.54363
 -75.71828,  39.54036
 -75.71511,  39.53584
 -75.71402,  39.53133
 -75.71389,  39.53116
 -75.70809,  39.52901
 -75.70755,  39.53128
 -75.70718,  39.53577
 -75.70213,  39.53852
 -75.69630,  39.53782
 -75.69427,  39.53566
 -75.69229,  39.53115
 -75.69115,  39.52665
 -75.69064,  39.52599
 -75.68922,  39.52663
END
 -13.00000, -75.89546,  39.53716
 -75.89624,  39.54166
 -75.89448,  39.54401
 -75.88863,  39.54577
 -75.88313,  39.54158
 -75.88357,  39.53708
 -75.88876,  39.53431
 -75.89456,  39.53615
 -75.89546,  39.53716
END
 -13.00000, -74.74775,  39.53749
 -74.74579,  39.53946
 -74.74014,  39.54187
 -74.74563,  39.54535
 -74.74822,  39.54650
 -74.75138,  39.54829
 -74.75304,  39.54657
 -74.75729,  39.54531
 -74.76315,  39.54224
 -74.76321,  39.54209
 -74.76416,  39.53776
 -74.76338,  39.53586
 -74.75760,  39.53423
 -74.75172,  39.53576
 -74.74775,  39.53749
END
 -13.00000, -75.93129,  39.55988
 -75.92928,  39.56147
 -75.92802,  39.55986
 -75.92931,  39.55804
 -75.93129,  39.55988
END
 -13.00000, -75.80192,  39.55899
 -75.80096,  39.56164
 -75.79943,  39.55898
 -75.80100,  39.55808
 -75.80192,  39.55899
END
 -13.00000, -75.71164,  39.57627
 -75.71323,  39.57896
 -75.71375,  39.58079
 -75.71320,  39.58150
 -75.70732,  39.58477
 -75.70612,  39.58523
 -75.70147,  39.58614
 -75.69743,  39.58516
 -75.69566,  39.58443
 -75.69354,  39.58062
 -75.69524,  39.57614
 -75.69578,  39.57561
 -75.70164,  39.57369
 -75.70747,  39.57379
 -75.71164,  39.57627
END
 -13.00000, -75.82044,  39.58161
 -75.81821,  39.58250
 -75.81728,  39.58158
 -75.81827,  39.57750
 -75.82044,  39.58161
END
 -13.00000, -74.59393,  39.57086
 -74.59893,  39.57544
 -74.59895,  39.57544
 -74.60188,  39.57999
 -74.59892,  39.58443
 -74.59866,  39.58461
 -74.59383,  39.58885
 -74.59267,  39.58949
 -74.58685,  39.58942
 -74.58526,  39.58869
 -74.58112,  39.58566
 -74.57838,  39.58407
 -74.57561,  39.57953
 -74.58012,  39.57511
 -74.58146,  39.57437
 -74.58582,  39.57072
 -74.58742,  39.57007
 -74.59324,  39.57050
 -74.59393,  39.57086
END
 -13.00000, -74.55991,  39.57025
 -74.56396,  39.57404
 -74.56442,  39.57483
 -74.56715,  39.57938
 -74.56599,  39.58385
 -74.56357,  39.58701
 -74.56190,  39.58828
 -74.55764,  39.59014
 -74.55457,  39.59264
 -74.55170,  39.59340
 -74.54768,  39.59252
 -74.54592,  39.59174
 -74.54018,  39.58855
 -74.53981,  39.58788
 -74.53617,  39.58331
 -74.53574,  39.57881
 -74.53770,  39.57435
 -74.54072,  39.57078
 -74.54147,  39.56992
 -74.54666,  39.56733
 -74.55251,  39.56702
 -74.55826,  39.56974
 -74.55991,  39.57025
END
 -13.00000, -75.76438,  39.59917
 -75.75960,  39.60267
 -75.75746,  39.59912
 -75.75968,  39.59607
 -75.76438,  39.59917
END
 -13.00000, -75.72336,  39.60785
 -75.72237,  39.61234
 -75.71859,  39.61423
 -75.71614,  39.61229
 -75.71643,  39.60779
 -75.71870,  39.60559
 -75.72336,  39.60785
END
 -13.00000, -75.89408,  39.61809
 -75.89363,  39.62011
 -75.89185,  39.62257
 -75.88776,  39.62351
 -75.88663,  39.62254
 -75.88621,  39.61804
 -75.88783,  39.61654
 -75.89366,  39.61747
 -75.89408,  39.61809
END
 -13.00000, -75.81813,  39.61757
 -75.81971,  39.62207
 -75.81770,  39.62380
 -75.81345,  39.62203
 -75.81649,  39.61755
 -75.81778,  39.61741
 -75.81813,  39.61757
END
 -13.00000, -75.74217,  39.62598
 -75.74449,  39.63050
 -75.74168,  39.63385
 -75.73586,  39.63247
 -75.73395,  39.63042
 -75.73592,  39.62757
 -75.74020,  39.62597
 -75.74178,  39.62569
 -75.74217,  39.62598
END
 -13.00000, -75.69110,  39.63007
 -75.68916,  39.63180
 -75.68719,  39.63004
 -75.68921,  39.62825
 -75.69110,  39.63007
END
END
