 -13.00000, -76.39381,  39.19766
 -76.39393,  39.20215
 -76.39146,  39.20419
 -76.38566,  39.20419
 -76.37986,  39.20380
 -76.37569,  39.20211
 -76.37598,  39.19761
 -76.37989,  39.19614
 -76.38570,  39.19577
 -76.39149,  39.19578
 -76.39381,  39.19766
END
 -13.00000, -76.21285,  39.20158
 -76.21159,  39.20264
 -76.20902,  39.20157
 -76.21162,  39.19753
 -76.21285,  39.20158
END
 -13.00000, -76.25413,  39.20624
 -76.25799,  39.20678
 -76.26373,  39.21077
 -76.25795,  39.21289
 -76.25214,  39.21342
 -76.24635,  39.21166
 -76.24526,  39.21070
 -76.24636,  39.20926
 -76.25172,  39.20623
 -76.25219,  39.20612
 -76.25413,  39.20624
END
 -13.00000, -76.27072,  39.21529
 -76.27533,  39.21883
 -76.27646,  39.21980
 -76.27531,  39.22128
 -76.27390,  39.22429
 -76.26948,  39.22645
 -76.26794,  39.22877
 -76.26945,  39.23235
 -76.27525,  39.23301
 -76.27560,  39.23329
 -76.28104,  39.23515
 -76.28446,  39.23782
 -76.28562,  39.24232
 -76.28680,  39.24362
 -76.29260,  39.24404
 -76.29841,  39.24442
 -76.30380,  39.24687
 -76.30419,  39.24797
 -76.30506,  39.25137
 -76.30417,  39.25257
 -76.29835,  39.25540
 -76.29254,  39.25576
 -76.28674,  39.25444
 -76.28418,  39.25130
 -76.28333,  39.24681
 -76.28098,  39.24545
 -76.27517,  39.24646
 -76.26937,  39.24594
 -76.26357,  39.24364
 -76.26163,  39.24223
 -76.25779,  39.23953
 -76.25537,  39.23772
 -76.25201,  39.23690
 -76.24620,  39.23595
 -76.24136,  39.23317
 -76.24094,  39.22867
 -76.24621,  39.22420
 -76.24628,  39.22417
 -76.25208,  39.22297
 -76.25789,  39.22276
 -76.26370,  39.22192
 -76.26537,  39.21977
 -76.26790,  39.21527
 -76.26955,  39.21497
 -76.27072,  39.21529
END
 -13.00000, -76.22088,  39.21961
 -76.21728,  39.22081
 -76.21146,  39.22155
 -76.20849,  39.21956
 -76.21149,  39.21817
 -76.21729,  39.21869
 -76.22088,  39.21961
END
 -13.00000, -76.43489,  39.23822
 -76.43441,  39.24271
 -76.43195,  39.24451
 -76.42615,  39.24279
 -76.42605,  39.24269
 -76.42539,  39.23820
 -76.42616,  39.23727
 -76.43198,  39.23565
 -76.43489,  39.23822
END
 -13.00000, -76.20530,  39.25102
 -76.20547,  39.25113
 -76.21126,  39.25293
 -76.21706,  39.25365
 -76.22286,  39.25521
 -76.22388,  39.25559
 -76.22821,  39.26010
 -76.22863,  39.26089
 -76.23395,  39.26462
 -76.23441,  39.26499
 -76.24020,  39.26894
 -76.24062,  39.26914
 -76.24520,  39.27365
 -76.24597,  39.27456
 -76.24944,  39.27816
 -76.25175,  39.27978
 -76.25212,  39.27818
 -76.25758,  39.27468
 -76.26339,  39.27525
 -76.26743,  39.27823
 -76.26917,  39.28198
 -76.27498,  39.28129
 -76.27798,  39.28276
 -76.28077,  39.28331
 -76.28658,  39.28293
 -76.29239,  39.28441
 -76.29819,  39.28571
 -76.30173,  39.28733
 -76.30398,  39.29006
 -76.30495,  39.29184
 -76.30976,  39.29464
 -76.31332,  39.29187
 -76.31561,  39.28790
 -76.31606,  39.28738
 -76.32143,  39.28500
 -76.32723,  39.28586
 -76.33279,  39.28743
 -76.33304,  39.28753
 -76.33624,  39.29193
 -76.33881,  39.29390
 -76.34463,  39.29306
 -76.35044,  39.29250
 -76.35625,  39.29388
 -76.36205,  39.29634
 -76.36786,  39.29485
 -76.37367,  39.29430
 -76.37949,  39.29293
 -76.38529,  39.29450
 -76.39110,  39.29622
 -76.39200,  39.29658
 -76.39690,  39.30000
 -76.40009,  39.30109
 -76.40269,  39.30180
 -76.40850,  39.30368
 -76.41431,  39.30336
 -76.42012,  39.30391
 -76.42126,  39.30114
 -76.42294,  39.29665
 -76.42596,  39.29553
 -76.43177,  39.29544
 -76.43349,  39.29667
 -76.43501,  39.30117
 -76.43755,  39.30548
 -76.43887,  39.30567
 -76.44335,  39.30683
 -76.44489,  39.31018
 -76.44334,  39.31325
 -76.44081,  39.31467
 -76.43751,  39.31711
 -76.43658,  39.31916
 -76.43750,  39.32020
 -76.44331,  39.32273
 -76.44415,  39.32367
 -76.44811,  39.32817
 -76.44875,  39.33267
 -76.44773,  39.33716
 -76.44711,  39.34166
 -76.44905,  39.34475
 -76.45127,  39.34616
 -76.45267,  39.35066
 -76.44902,  39.35446
 -76.44765,  39.35515
 -76.44579,  39.35964
 -76.44899,  39.36230
 -76.45480,  39.36386
 -76.45666,  39.36416
 -76.46062,  39.36475
 -76.46167,  39.36417
 -76.46452,  39.35968
 -76.46645,  39.35666
 -76.47227,  39.35567
 -76.47524,  39.35970
 -76.47807,  39.36211
 -76.48389,  39.36247
 -76.48970,  39.36357
 -76.49160,  39.36422
 -76.49551,  39.36736
 -76.49681,  39.36872
 -76.49873,  39.37322
 -76.49934,  39.37772
 -76.50022,  39.38222
 -76.50128,  39.38409
 -76.50710,  39.38300
 -76.51292,  39.38442
 -76.51564,  39.38673
 -76.51649,  39.39123
 -76.51289,  39.39374
 -76.50707,  39.39436
 -76.50126,  39.39353
 -76.49845,  39.39571
 -76.49543,  39.39899
 -76.49330,  39.40019
 -76.49542,  39.40136
 -76.50035,  39.40470
 -76.50123,  39.40498
 -76.50704,  39.40734
 -76.51286,  39.40708
 -76.51869,  39.40477
 -76.51925,  39.40472
 -76.52451,  39.40319
 -76.52612,  39.40024
 -76.53034,  39.39620
 -76.53616,  39.39959
 -76.54139,  39.40025
 -76.53616,  39.40099
 -76.53039,  39.40474
 -76.53033,  39.40476
 -76.52749,  39.40923
 -76.52453,  39.41372
 -76.52449,  39.41375
 -76.51867,  39.41557
 -76.51285,  39.41373
 -76.51258,  39.41371
 -76.50703,  39.41276
 -76.50633,  39.41370
 -76.50121,  39.41509
 -76.49538,  39.41560
 -76.48956,  39.41567
 -76.48374,  39.41687
 -76.47792,  39.41811
 -76.47788,  39.41815
 -76.47672,  39.42265
 -76.47208,  39.42575
 -76.46626,  39.42610
 -76.46043,  39.42501
 -76.45461,  39.42702
 -76.45434,  39.42710
 -76.44878,  39.42934
 -76.44727,  39.43159
 -76.44876,  39.43517
 -76.45212,  39.43609
 -76.45458,  39.43668
 -76.45681,  39.43610
 -76.46040,  39.43566
 -76.46176,  39.43611
 -76.46622,  39.43905
 -76.46854,  39.44062
 -76.47202,  39.44365
 -76.47395,  39.44513
 -76.47646,  39.44963
 -76.47359,  39.45412
 -76.47199,  39.45499
 -76.46863,  39.45861
 -76.46665,  39.46310
 -76.46614,  39.46391
 -76.46225,  39.46759
 -76.46063,  39.47208
 -76.46351,  39.47658
 -76.46387,  39.48108
 -76.46026,  39.48419
 -76.45626,  39.48107
 -76.45445,  39.47822
 -76.45253,  39.47656
 -76.44863,  39.47538
 -76.44465,  39.47205
 -76.44283,  39.46850
 -76.44096,  39.46755
 -76.43701,  39.46653
 -76.43119,  39.46619
 -76.42804,  39.46752
 -76.42535,  39.47032
 -76.42142,  39.47200
 -76.42534,  39.47456
 -76.42728,  39.47651
 -76.43025,  39.48101
 -76.43114,  39.48244
 -76.43319,  39.48552
 -76.43506,  39.49002
 -76.43693,  39.49300
 -76.44261,  39.49453
 -76.44275,  39.49455
 -76.44763,  39.49903
 -76.44783,  39.50353
 -76.44492,  39.50803
 -76.44450,  39.51252
 -76.44851,  39.51497
 -76.45434,  39.51564
 -76.46017,  39.51580
 -76.46600,  39.51595
 -76.47182,  39.51538
 -76.47765,  39.51492
 -76.48348,  39.51386
 -76.48550,  39.51259
 -76.48769,  39.50809
 -76.48933,  39.50695
 -76.49122,  39.50810
 -76.49229,  39.51260
 -76.49242,  39.51710
 -76.49168,  39.52160
 -76.48929,  39.52337
 -76.48346,  39.52415
 -76.47762,  39.52456
 -76.47179,  39.52430
 -76.46597,  39.52378
 -76.46014,  39.52385
 -76.45431,  39.52412
 -76.44848,  39.52432
 -76.44352,  39.52151
 -76.44267,  39.51862
 -76.44066,  39.51701
 -76.43685,  39.51553
 -76.43103,  39.51312
 -76.42520,  39.51443
 -76.41936,  39.51625
 -76.41523,  39.51246
 -76.41602,  39.50797
 -76.41940,  39.50562
 -76.42522,  39.50652
 -76.43105,  39.50593
 -76.43231,  39.50350
 -76.43320,  39.49900
 -76.43109,  39.49594
 -76.42526,  39.49573
 -76.41944,  39.49497
 -76.41769,  39.49448
 -76.41362,  39.49260
 -76.40810,  39.48996
 -76.40781,  39.48981
 -76.40673,  39.48996
 -76.40197,  39.49137
 -76.40016,  39.49444
 -76.39799,  39.49893
 -76.39867,  39.50343
 -76.40192,  39.50635
 -76.40301,  39.50793
 -76.40639,  39.51244
 -76.40771,  39.51376
 -76.41279,  39.51695
 -76.41353,  39.51876
 -76.41541,  39.52145
 -76.41934,  39.52273
 -76.42431,  39.52597
 -76.42515,  39.52921
 -76.42557,  39.53047
 -76.42514,  39.53092
 -76.41956,  39.53495
 -76.41930,  39.53503
 -76.41853,  39.53495
 -76.41347,  39.53407
 -76.40764,  39.53339
 -76.40181,  39.53292
 -76.39613,  39.53040
 -76.39600,  39.53039
 -76.39017,  39.52998
 -76.38499,  39.53038
 -76.38433,  39.53078
 -76.38165,  39.53486
 -76.37848,  39.53645
 -76.37264,  39.53846
 -76.36681,  39.53910
 -76.36098,  39.53799
 -76.35722,  39.53930
 -76.35513,  39.54259
 -76.35304,  39.53929
 -76.34932,  39.53856
 -76.34587,  39.53926
 -76.34877,  39.54377
 -76.34930,  39.54388
 -76.35512,  39.54471
 -76.36095,  39.54657
 -76.36301,  39.54831
 -76.36607,  39.55281
 -76.36674,  39.55325
 -76.37257,  39.55590
 -76.37415,  39.55733
 -76.37435,  39.56182
 -76.37254,  39.56365
 -76.36893,  39.56631
 -76.36667,  39.57074
 -76.36665,  39.57079
 -76.36667,  39.57081
 -76.37250,  39.57233
 -76.37833,  39.57386
 -76.38126,  39.57533
 -76.38413,  39.57907
 -76.38457,  39.57983
 -76.38412,  39.58120
 -76.38288,  39.58432
 -76.37827,  39.58657
 -76.37558,  39.58881
 -76.37492,  39.59330
 -76.37611,  39.59780
 -76.37520,  39.60229
 -76.37236,  39.60411
 -76.36652,  39.60540
 -76.36347,  39.60676
 -76.36164,  39.61125
 -76.36066,  39.61211
 -76.35703,  39.61574
 -76.35479,  39.61865
 -76.35340,  39.62022
 -76.34893,  39.62362
 -76.34612,  39.62020
 -76.34311,  39.61886
 -76.33728,  39.61832
 -76.33144,  39.61699
 -76.32866,  39.61566
 -76.32563,  39.61216
 -76.32496,  39.61115
 -76.32478,  39.60665
 -76.32552,  39.60215
 -76.32568,  39.60170
 -76.32829,  39.59767
 -76.33155,  39.59571
 -76.33509,  39.59319
 -76.33497,  39.58870
 -76.33743,  39.58601
 -76.34228,  39.58422
 -76.34328,  39.58393
 -76.34911,  39.58326
 -76.35496,  39.58030
 -76.35592,  39.57976
 -76.35497,  39.57697
 -76.35459,  39.57526
 -76.35371,  39.57076
 -76.35069,  39.56626
 -76.34920,  39.56532
 -76.34336,  39.56585
 -76.33753,  39.56517
 -76.33282,  39.56171
 -76.33173,  39.55945
 -76.32837,  39.55721
 -76.32593,  39.55320
 -76.32577,  39.55270
 -76.32186,  39.54819
 -76.32012,  39.54761
 -76.31924,  39.54818
 -76.31840,  39.55268
 -76.31879,  39.55717
 -76.31422,  39.56092
 -76.31158,  39.56165
 -76.30838,  39.56280
 -76.30254,  39.56489
 -76.30010,  39.56611
 -76.29669,  39.56756
 -76.29085,  39.56900
 -76.28501,  39.57027
 -76.28122,  39.57054
 -76.28498,  39.57476
 -76.28505,  39.57506
 -76.28577,  39.57955
 -76.28526,  39.58405
 -76.28492,  39.58578
 -76.28422,  39.58854
 -76.28490,  39.59097
 -76.28552,  39.59304
 -76.29070,  39.59559
 -76.29654,  39.59619
 -76.30237,  39.59715
 -76.30286,  39.59760
 -76.30315,  39.60209
 -76.30234,  39.60284
 -76.29649,  39.60373
 -76.29066,  39.60433
 -76.28482,  39.60372
 -76.27898,  39.60395
 -76.27315,  39.60404
 -76.26731,  39.60413
 -76.26148,  39.60390
 -76.25564,  39.60445
 -76.24980,  39.60522
 -76.24397,  39.60538
 -76.23812,  39.60577
 -76.23693,  39.60636
 -76.23447,  39.61085
 -76.23807,  39.61497
 -76.24390,  39.61509
 -76.24974,  39.61449
 -76.25488,  39.61542
 -76.25558,  39.61573
 -76.26140,  39.61780
 -76.26302,  39.61995
 -76.26138,  39.62216
 -76.25651,  39.62442
 -76.25552,  39.62492
 -76.24967,  39.62617
 -76.24384,  39.62465
 -76.24277,  39.62437
 -76.23802,  39.62291
 -76.23218,  39.62291
 -76.22635,  39.62196
 -76.22231,  39.61979
 -76.22054,  39.61726
 -76.21765,  39.61528
 -76.21511,  39.61077
 -76.21474,  39.61069
 -76.20892,  39.60958
 -76.20647,  39.61074
 -76.20306,  39.61238
 -76.19721,  39.61409
 -76.19467,  39.61519
 -76.19137,  39.61589
 -76.18552,  39.61686
 -76.17970,  39.61600
 -76.17386,  39.61584
 -76.16801,  39.61694
 -76.16216,  39.61799
 -76.15633,  39.61860
 -76.15050,  39.61692
 -76.14599,  39.61499
 -76.14469,  39.61291
 -76.14313,  39.61047
 -76.13889,  39.60866
 -76.13306,  39.60789
 -76.12723,  39.60683
 -76.12138,  39.60852
 -76.11984,  39.61037
 -76.12136,  39.61101
 -76.12636,  39.61490
 -76.12715,  39.61714
 -76.12851,  39.61940
 -76.13265,  39.62392
 -76.13293,  39.62421
 -76.13542,  39.62843
 -76.13622,  39.63293
 -76.13867,  39.63699
 -76.14143,  39.63744
 -76.13864,  39.64146
 -76.13855,  39.64193
 -76.13278,  39.64415
 -76.12695,  39.64326
 -76.12566,  39.64187
 -76.12302,  39.63736
 -76.12116,  39.63657
 -76.11532,  39.63711
 -76.10949,  39.63606
 -76.10365,  39.63527
 -76.09783,  39.63356
 -76.09682,  39.63274
 -76.09608,  39.62824
 -76.09719,  39.62375
 -76.09368,  39.61924
 -76.09211,  39.61892
 -76.08948,  39.61922
 -76.08626,  39.62067
 -76.08120,  39.62367
 -76.08039,  39.62452
 -76.07806,  39.62815
 -76.07881,  39.63265
 -76.08031,  39.63396
 -76.08613,  39.63645
 -76.08955,  39.63720
 -76.09127,  39.64171
 -76.08608,  39.64248
 -76.08022,  39.64418
 -76.07439,  39.64313
 -76.06856,  39.64329
 -76.06271,  39.64393
 -76.05688,  39.64353
 -76.05105,  39.64158
 -76.05089,  39.64150
 -76.04523,  39.63933
 -76.03941,  39.63831
 -76.03355,  39.63906
 -76.02773,  39.63861
 -76.02189,  39.63777
 -76.01905,  39.63683
 -76.01607,  39.63590
 -76.01284,  39.63231
 -76.01076,  39.62780
 -76.01031,  39.62759
 -76.00829,  39.62778
 -76.00446,  39.62902
 -76.00216,  39.62775
 -75.99864,  39.62663
 -75.99293,  39.62320
 -75.99284,  39.62296
 -75.98808,  39.61867
 -75.98705,  39.61831
 -75.98123,  39.61654
 -75.97591,  39.61860
 -75.97724,  39.62311
 -75.98114,  39.62580
 -75.98305,  39.62764
 -75.98423,  39.63214
 -75.98689,  39.63490
 -75.99070,  39.63667
 -75.99270,  39.63771
 -75.99489,  39.64120
 -75.99848,  39.64339
 -76.00433,  39.64288
 -76.01015,  39.64392
 -76.01460,  39.64580
 -76.01596,  39.64729
 -76.01842,  39.65032
 -76.02175,  39.65269
 -76.02758,  39.65418
 -76.02991,  39.65488
 -76.03340,  39.65624
 -76.03922,  39.65900
 -76.03961,  39.65943
 -76.03964,  39.66393
 -76.03917,  39.66460
 -76.03469,  39.66839
 -76.03328,  39.66932
 -76.02744,  39.66969
 -76.02622,  39.66834
 -76.02162,  39.66689
 -76.01578,  39.66680
 -76.00996,  39.66494
 -76.00413,  39.66378
 -76.00222,  39.66372
 -75.99829,  39.66354
 -75.99638,  39.66369
 -75.99245,  39.66385
 -75.99184,  39.66366
 -75.98663,  39.66109
 -75.98557,  39.65913
 -75.98562,  39.65463
 -75.98486,  39.65013
 -75.98219,  39.64561
 -75.98095,  39.64486
 -75.97513,  39.64303
 -75.96929,  39.64251
 -75.96746,  39.64104
 -75.96350,  39.63766
 -75.96152,  39.63650
 -75.95771,  39.63304
 -75.95629,  39.63197
 -75.95192,  39.62889
 -75.94840,  39.62743
 -75.94610,  39.62698
 -75.94028,  39.62452
 -75.93444,  39.62494
 -75.92860,  39.62602
 -75.92509,  39.62729
 -75.92345,  39.63177
 -75.92852,  39.63276
 -75.93436,  39.63251
 -75.94018,  39.63478
 -75.94598,  39.63641
 -75.94600,  39.63644
 -75.94982,  39.64093
 -75.94957,  39.64542
 -75.95001,  39.64992
 -75.94582,  39.65402
 -75.94550,  39.65439
 -75.93995,  39.65668
 -75.93472,  39.65882
 -75.93408,  39.65942
 -75.92824,  39.65955
 -75.92747,  39.65878
 -75.92393,  39.65425
 -75.92249,  39.65135
 -75.91666,  39.65038
 -75.91183,  39.65418
 -75.91077,  39.65443
 -75.90490,  39.65760
 -75.90472,  39.65863
 -75.90372,  39.66312
 -75.90179,  39.66760
 -75.89916,  39.67208
 -75.89890,  39.67226
 -75.89301,  39.67575
 -75.88948,  39.67651
 -75.88715,  39.67726
 -75.88470,  39.67648
 -75.88132,  39.67615
 -75.88065,  39.67645
 -75.87543,  39.68036
 -75.86959,  39.68073
 -75.86945,  39.68088
 -75.86958,  39.68105
 -75.87542,  39.68160
 -75.88123,  39.68441
 -75.88354,  39.68547
 -75.88535,  39.68998
 -75.88304,  39.69446
 -75.88110,  39.69547
 -75.87524,  39.69717
 -75.86941,  39.69653
 -75.86357,  39.69565
 -75.85919,  39.69430
 -75.85775,  39.69382
 -75.85191,  39.69337
 -75.84651,  39.69421
 -75.84606,  39.69427
 -75.84020,  39.69548
 -75.83434,  39.69679
 -75.82850,  39.69648
 -75.82266,  39.69591
 -75.81683,  39.69541
 -75.81098,  39.69537
 -75.80515,  39.69405
 -75.80386,  39.69390
 -75.79932,  39.69287
 -75.79797,  39.69386
 -75.79346,  39.69497
 -75.78761,  39.69584
 -75.78175,  39.69601
 -75.77592,  39.69582
 -75.77008,  39.69490
 -75.76770,  39.69363
 -75.76632,  39.68913
 -75.77020,  39.68545
 -75.77437,  39.68469
 -75.77606,  39.68431
 -75.78191,  39.68399
 -75.78775,  39.68424
 -75.79361,  39.68282
 -75.79519,  39.68035
 -75.79369,  39.67643
 -75.79258,  39.67583
 -75.78786,  39.67500
 -75.78204,  39.67344
 -75.77620,  39.67353
 -75.77034,  39.67481
 -75.76524,  39.67113
 -75.76498,  39.66663
 -75.77048,  39.66456
 -75.77630,  39.66589
 -75.78214,  39.66603
 -75.78799,  39.66473
 -75.79382,  39.66593
 -75.79531,  39.66686
 -75.79725,  39.67137
 -75.79957,  39.67367
 -75.80540,  39.67401
 -75.81123,  39.67507
 -75.81358,  39.67599
 -75.81702,  39.67982
 -75.81844,  39.68052
 -75.82284,  39.68183
 -75.82866,  39.68332
 -75.83450,  39.68311
 -75.84034,  39.68397
 -75.84341,  39.68070
 -75.84043,  39.67629
 -75.84012,  39.67617
 -75.83463,  39.67263
 -75.83356,  39.67163
 -75.82884,  39.66820
 -75.82300,  39.66815
 -75.81717,  39.66745
 -75.81573,  39.66701
 -75.81134,  39.66637
 -75.80552,  39.66469
 -75.80391,  39.66243
 -75.80368,  39.65793
 -75.80566,  39.65371
 -75.80594,  39.65345
 -75.81155,  39.64937
 -75.81736,  39.65196
 -75.82320,  39.65157
 -75.82906,  39.65063
 -75.83283,  39.64914
 -75.82911,  39.64603
 -75.82796,  39.64462
 -75.82574,  39.64010
 -75.82663,  39.63561
 -75.82342,  39.63389
 -75.81758,  39.63353
 -75.81401,  39.63103
 -75.81181,  39.62858
 -75.80875,  39.62649
 -75.80602,  39.62477
 -75.80437,  39.62196
 -75.80347,  39.61746
 -75.80029,  39.61552
 -75.79446,  39.61496
 -75.78864,  39.61397
 -75.78710,  39.61284
 -75.78622,  39.60834
 -75.78874,  39.60571
 -75.79305,  39.60389
 -75.79462,  39.60284
 -75.80046,  39.60195
 -75.80177,  39.60395
 -75.80536,  39.60847
 -75.80618,  39.61130
 -75.80885,  39.61300
 -75.81199,  39.61356
 -75.81468,  39.61304
 -75.81786,  39.61049
 -75.82130,  39.61309
 -75.82365,  39.61479
 -75.82677,  39.61763
 -75.82764,  39.62214
 -75.82516,  39.62661
 -75.82475,  39.63110
 -75.82924,  39.63509
 -75.83511,  39.63257
 -75.84094,  39.63279
 -75.84679,  39.63264
 -75.85261,  39.63424
 -75.85522,  39.63581
 -75.85730,  39.64033
 -75.85836,  39.64119
 -75.86302,  39.64037
 -75.86422,  39.63982
 -75.86475,  39.64038
 -75.87003,  39.64234
 -75.87586,  39.64292
 -75.87806,  39.64496
 -75.88072,  39.64948
 -75.88162,  39.65018
 -75.88744,  39.65191
 -75.89327,  39.65249
 -75.89912,  39.65226
 -75.90437,  39.64963
 -75.90499,  39.64911
 -75.90812,  39.64516
 -75.91089,  39.64382
 -75.91264,  39.64069
 -75.91114,  39.63619
 -75.91097,  39.63601
 -75.90639,  39.63166
 -75.90520,  39.63022
 -75.90302,  39.62714
 -75.89942,  39.62420
 -75.89485,  39.62259
 -75.89361,  39.62231
 -75.88779,  39.62119
 -75.88289,  39.61802
 -75.88198,  39.61780
 -75.88070,  39.61800
 -75.87611,  39.62052
 -75.87453,  39.62246
 -75.87021,  39.62672
 -75.86438,  39.62586
 -75.85856,  39.62415
 -75.85442,  39.62232
 -75.85384,  39.61782
 -75.85867,  39.61441
 -75.85977,  39.61337
 -75.86086,  39.60887
 -75.86112,  39.60438
 -75.86040,  39.59987
 -75.85886,  39.59886
 -75.85302,  39.59907
 -75.84720,  39.59790
 -75.84138,  39.59575
 -75.83976,  39.59524
 -75.83559,  39.59291
 -75.83283,  39.59069
 -75.82981,  39.58743
 -75.82751,  39.58616
 -75.82401,  39.58447
 -75.81941,  39.58160
 -75.81822,  39.58100
 -75.81241,  39.57957
 -75.80658,  39.57891
 -75.80106,  39.57697
 -75.80077,  39.57684
 -75.79962,  39.57696
 -75.79493,  39.57779
 -75.78998,  39.57689
 -75.78911,  39.57679
 -75.78329,  39.57494
 -75.77747,  39.57412
 -75.77164,  39.57344
 -75.76930,  39.57224
 -75.76915,  39.56774
 -75.77174,  39.56631
 -75.77758,  39.56582
 -75.78341,  39.56581
 -75.78925,  39.56564
 -75.79507,  39.56573
 -75.80093,  39.56391
 -75.80134,  39.56348
 -75.80508,  39.55902
 -75.80685,  39.55730
 -75.81269,  39.55651
 -75.81712,  39.55910
 -75.81848,  39.55983
 -75.82430,  39.56083
 -75.83012,  39.56189
 -75.83522,  39.55923
 -75.83599,  39.55873
 -75.83794,  39.55476
 -75.83976,  39.55027
 -75.83662,  39.54575
 -75.83615,  39.54526
 -75.83035,  39.54343
 -75.82801,  39.54119
 -75.82458,  39.53784
 -75.82304,  39.53666
 -75.81878,  39.53525
 -75.81493,  39.53211
 -75.81467,  39.52761
 -75.81849,  39.52314
 -75.81894,  39.52213
 -75.82477,  39.52251
 -75.82528,  39.52319
 -75.83056,  39.52546
 -75.83501,  39.52776
 -75.83633,  39.53040
 -75.83900,  39.53228
 -75.84212,  39.53403
 -75.84795,  39.53346
 -75.84902,  39.53235
 -75.85157,  39.52787
 -75.85387,  39.52558
 -75.85880,  39.52342
 -75.85973,  39.52304
 -75.86558,  39.52185
 -75.87035,  39.52351
 -75.87138,  39.52369
 -75.87720,  39.52445
 -75.88182,  39.52808
 -75.88299,  39.52846
 -75.88879,  39.53056
 -75.89240,  39.52815
 -75.89470,  39.52402
 -75.89502,  39.52367
 -75.90054,  39.52239
 -75.90209,  39.51922
 -75.90060,  39.51695
 -75.89480,  39.51487
 -75.89159,  39.51915
 -75.88888,  39.52345
 -75.88733,  39.51912
 -75.88894,  39.51805
 -75.89471,  39.51468
 -75.89388,  39.51017
 -75.89034,  39.50565
 -75.88909,  39.50417
 -75.88564,  39.50112
 -75.88545,  39.49662
 -75.88920,  39.49453
 -75.89394,  39.49219
 -75.89507,  39.49134
 -75.89661,  39.49221
 -75.90087,  39.49264
 -75.90205,  39.49224
 -75.90333,  39.48775
 -75.90096,  39.48550
 -75.89515,  39.48325
 -75.89500,  39.48320
 -75.89165,  39.47868
 -75.89525,  39.47465
 -75.89549,  39.47421
 -75.89857,  39.46973
 -75.89772,  39.46523
 -75.89850,  39.46074
 -75.90127,  39.45668
 -75.90166,  39.45626
 -75.90711,  39.45462
 -75.91294,  39.45472
 -75.91678,  39.45636
 -75.91866,  39.46087
 -75.91869,  39.46090
 -75.92449,  39.46360
 -75.92583,  39.46542
 -75.92838,  39.46992
 -75.93023,  39.47134
 -75.93606,  39.47144
 -75.94189,  39.47115
 -75.94771,  39.47153
 -75.95354,  39.47034
 -75.95456,  39.47009
 -75.95570,  39.46560
 -75.95446,  39.46110
 -75.95571,  39.45660
 -75.95953,  39.45477
 -75.96537,  39.45309
 -75.96593,  39.45217
 -75.96712,  39.44769
 -75.97127,  39.44506
 -75.97359,  39.44322
 -75.97662,  39.43875
 -75.97716,  39.43830
 -75.98298,  39.43847
 -75.98334,  39.43879
 -75.98630,  39.44330
 -75.98873,  39.44576
 -75.99120,  39.44333
 -75.99462,  39.43890
 -75.99464,  39.43885
 -75.99915,  39.43438
 -76.00049,  39.43389
 -76.00632,  39.43259
 -76.01215,  39.43181
 -76.01614,  39.42998
 -76.01553,  39.42548
 -76.01466,  39.42098
 -76.01425,  39.41648
 -76.01231,  39.41520
 -76.00649,  39.41512
 -76.00067,  39.41499
 -75.99486,  39.41430
 -75.98904,  39.41355
 -75.98651,  39.41182
 -75.98476,  39.40731
 -75.98331,  39.40521
 -75.97751,  39.40317
 -75.97168,  39.40399
 -75.96586,  39.40400
 -75.96004,  39.40461
 -75.95742,  39.40266
 -75.95719,  39.39816
 -75.96012,  39.39627
 -75.96594,  39.39585
 -75.97176,  39.39549
 -75.97756,  39.39747
 -75.98338,  39.39787
 -75.98921,  39.39627
 -75.99258,  39.39837
 -75.99498,  39.40135
 -75.99664,  39.40289
 -76.00077,  39.40442
 -76.00517,  39.40294
 -76.00662,  39.40155
 -76.01102,  39.40297
 -76.01242,  39.40339
 -76.01447,  39.40749
 -76.01498,  39.41199
 -76.01814,  39.41474
 -76.02395,  39.41557
 -76.02930,  39.41656
 -76.02975,  39.41680
 -76.02990,  39.41656
 -76.03218,  39.41208
 -76.03201,  39.40758
 -76.03129,  39.40308
 -76.03126,  39.39859
 -76.03570,  39.39412
 -76.03578,  39.39406
 -76.04161,  39.39280
 -76.04743,  39.39265
 -76.05325,  39.39253
 -76.05907,  39.39258
 -76.06210,  39.38976
 -76.06377,  39.38527
 -76.06496,  39.38379
 -76.07079,  39.38257
 -76.07661,  39.38170
 -76.08243,  39.38214
 -76.08299,  39.38087
 -76.08246,  39.37851
 -76.08062,  39.37636
 -76.07668,  39.37444
 -76.07448,  39.37183
 -76.07294,  39.36732
 -76.07094,  39.36574
 -76.06773,  39.36280
 -76.06762,  39.35831
 -76.07102,  39.35604
 -76.07684,  39.35555
 -76.07963,  39.35387
 -76.08268,  39.35192
 -76.08376,  39.34940
 -76.08855,  39.34518
 -76.08945,  39.34493
 -76.09440,  39.34182
 -76.09589,  39.34046
 -76.09672,  39.33597
 -76.09672,  39.33148
 -76.09894,  39.32699
 -76.10033,  39.32625
 -76.10156,  39.32700
 -76.10464,  39.33152
 -76.10610,  39.33253
 -76.11190,  39.33400
 -76.11770,  39.33560
 -76.11880,  39.33608
 -76.12349,  39.33875
 -76.12477,  39.34060
 -76.12926,  39.34431
 -76.13093,  39.34513
 -76.13390,  39.34964
 -76.13503,  39.35056
 -76.14026,  39.35416
 -76.14082,  39.35443
 -76.14663,  39.35445
 -76.14751,  39.35420
 -76.15246,  39.35292
 -76.15410,  39.34973
 -76.15677,  39.34525
 -76.15833,  39.34446
 -76.16416,  39.34259
 -76.16742,  39.34079
 -76.17001,  39.33778
 -76.17582,  39.33809
 -76.17945,  39.33635
 -76.18166,  39.33512
 -76.18391,  39.33187
 -76.18616,  39.32738
 -76.18753,  39.32639
 -76.19336,  39.32342
 -76.19917,  39.32347
 -76.20411,  39.32296
 -76.20499,  39.32272
 -76.20551,  39.32296
 -76.21079,  39.32451
 -76.21658,  39.32747
 -76.21684,  39.32751
 -76.22240,  39.32798
 -76.22322,  39.32753
 -76.22823,  39.32428
 -76.23138,  39.32306
 -76.23407,  39.32072
 -76.23988,  39.32145
 -76.24277,  39.31861
 -76.23990,  39.31786
 -76.23410,  39.31579
 -76.23331,  39.31408
 -76.23167,  39.30957
 -76.22834,  39.30707
 -76.22253,  39.30714
 -76.21673,  39.30550
 -76.21606,  39.30502
 -76.21338,  39.30051
 -76.21098,  39.29628
 -76.21037,  39.29600
 -76.20543,  39.29149
 -76.20522,  39.28934
 -76.20493,  39.28699
 -76.20524,  39.28569
 -76.20650,  39.28250
 -76.20833,  39.27801
 -76.21111,  39.27597
 -76.21691,  39.27720
 -76.21821,  39.27356
 -76.21696,  39.26968
 -76.21676,  39.26905
 -76.21117,  39.26724
 -76.20536,  39.26656
 -76.20340,  39.26450
 -76.20128,  39.25999
 -76.20139,  39.25550
 -76.19964,  39.25392
 -76.19752,  39.25099
 -76.19968,  39.24725
 -76.20530,  39.25102
END
 -13.00000, -76.17089,  39.25088
 -76.17062,  39.25108
 -76.17043,  39.25087
 -76.17063,  39.25058
 -76.17089,  39.25088
END
 -13.00000, -76.41444,  39.27864
 -76.41440,  39.27879
 -76.41315,  39.28313
 -76.40857,  39.28443
 -76.40276,  39.28348
 -76.39978,  39.28310
 -76.39697,  39.28139
 -76.39482,  39.27860
 -76.39698,  39.27790
 -76.40279,  39.27696
 -76.40861,  39.27591
 -76.41441,  39.27862
 -76.41444,  39.27864
END
 -13.00000, -76.25620,  39.28719
 -76.25609,  39.29168
 -76.25748,  39.29309
 -76.26154,  39.29170
 -76.26088,  39.28720
 -76.25751,  39.28639
 -76.25620,  39.28719
END
 -13.00000, -76.10168,  39.29103
 -76.10062,  39.29201
 -76.09547,  39.29100
 -76.10064,  39.28894
 -76.10168,  39.29103
END
 -13.00000, -76.09415,  39.29100
 -76.08900,  39.29204
 -76.08701,  39.29096
 -76.08902,  39.28866
 -76.09415,  39.29100
END
 -13.00000, -76.14153,  39.29571
 -76.14568,  39.30023
 -76.14359,  39.30472
 -76.14699,  39.30593
 -76.15279,  39.30825
 -76.15334,  39.30926
 -76.15277,  39.31035
 -76.14696,  39.31091
 -76.14614,  39.30922
 -76.14119,  39.30489
 -76.14002,  39.30470
 -76.13539,  39.30315
 -76.12960,  39.30058
 -76.12923,  39.30015
 -76.12961,  39.29978
 -76.13544,  39.29707
 -76.14040,  39.29571
 -76.14126,  39.29560
 -76.14153,  39.29571
END
 -13.00000, -76.45246,  39.30120
 -76.44918,  39.30260
 -76.44790,  39.30119
 -76.44919,  39.29893
 -76.45246,  39.30120
END
 -13.00000, -76.29770,  39.30081
 -76.29810,  39.30103
 -76.29873,  39.30081
 -76.29812,  39.29945
 -76.29770,  39.30081
END
 -13.00000, -76.42374,  39.30564
 -76.42226,  39.31013
 -76.42590,  39.31334
 -76.42985,  39.31465
 -76.43170,  39.31503
 -76.43337,  39.31466
 -76.43530,  39.31016
 -76.43668,  39.30567
 -76.43174,  39.30492
 -76.42593,  39.30527
 -76.42374,  39.30564
END
 -13.00000, -76.53310,  39.31931
 -76.53049,  39.32347
 -76.52468,  39.32129
 -76.51887,  39.32090
 -76.51794,  39.31929
 -76.51888,  39.31829
 -76.52469,  39.31813
 -76.53050,  39.31675
 -76.53310,  39.31931
END
 -13.00000, -76.39518,  39.31907
 -76.39681,  39.32094
 -76.40034,  39.32357
 -76.40261,  39.32484
 -76.40718,  39.32809
 -76.40840,  39.32986
 -76.41421,  39.33154
 -76.41536,  39.33260
 -76.42001,  39.33404
 -76.42359,  39.33262
 -76.42506,  39.32813
 -76.42004,  39.32527
 -76.41676,  39.32361
 -76.41482,  39.31911
 -76.41426,  39.31827
 -76.40845,  39.31571
 -76.40265,  39.31495
 -76.39683,  39.31651
 -76.39518,  39.31907
END
 -13.00000, -76.35771,  39.31897
 -76.36194,  39.32047
 -76.36775,  39.32019
 -76.37113,  39.31901
 -76.36776,  39.31802
 -76.36195,  39.31699
 -76.35771,  39.31897
END
 -13.00000, -76.25100,  39.31864
 -76.25152,  39.31874
 -76.25163,  39.31864
 -76.25152,  39.31858
 -76.25100,  39.31864
END
 -13.00000, -76.53077,  39.35528
 -76.53461,  39.35978
 -76.53550,  39.36427
 -76.53526,  39.36877
 -76.53319,  39.37326
 -76.53039,  39.37464
 -76.52770,  39.37326
 -76.52458,  39.37025
 -76.52342,  39.36876
 -76.51877,  39.36640
 -76.51347,  39.36425
 -76.51296,  39.36267
 -76.51101,  39.35975
 -76.51269,  39.35526
 -76.51299,  39.35500
 -76.51880,  39.35349
 -76.52461,  39.35299
 -76.53043,  39.35512
 -76.53077,  39.35528
END
 -13.00000, -76.16684,  39.35878
 -76.16985,  39.36042
 -76.17567,  39.35968
 -76.18148,  39.36053
 -76.18307,  39.35885
 -76.18150,  39.35722
 -76.17569,  39.35690
 -76.16988,  39.35557
 -76.16684,  39.35878
END
 -13.00000, -76.08592,  39.36739
 -76.08570,  39.37189
 -76.08832,  39.37385
 -76.09413,  39.37456
 -76.09994,  39.37555
 -76.10192,  39.37646
 -76.10572,  39.37919
 -76.10754,  39.38099
 -76.11152,  39.38211
 -76.11282,  39.38102
 -76.11294,  39.37652
 -76.11234,  39.37202
 -76.11160,  39.37136
 -76.10582,  39.36753
 -76.10579,  39.36749
 -76.10003,  39.36459
 -76.09422,  39.36361
 -76.08839,  39.36487
 -76.08592,  39.36739
END
 -13.00000, -76.46947,  39.38666
 -76.46761,  39.39116
 -76.47216,  39.39518
 -76.47424,  39.39117
 -76.47327,  39.38667
 -76.47219,  39.38536
 -76.46947,  39.38666
END
 -13.00000, -76.54995,  39.40026
 -76.54779,  39.40137
 -76.54222,  39.40025
 -76.54780,  39.39848
 -76.54995,  39.40026
END
 -13.00000, -76.47786,  39.40017
 -76.47797,  39.40022
 -76.47825,  39.40017
 -76.47797,  39.40004
 -76.47786,  39.40017
END
 -13.00000, -75.92600,  39.42495
 -75.93070,  39.42681
 -75.93321,  39.42949
 -75.93063,  39.43333
 -75.92809,  39.43395
 -75.92480,  39.43466
 -75.91898,  39.43474
 -75.91751,  39.43388
 -75.91521,  39.42937
 -75.91595,  39.42488
 -75.91910,  39.42303
 -75.92491,  39.42411
 -75.92600,  39.42495
END
 -13.00000, -75.89035,  39.42921
 -75.88992,  39.42956
 -75.88969,  39.42920
 -75.88993,  39.42900
 -75.89035,  39.42921
END
 -13.00000, -76.49437,  39.43616
 -76.49532,  39.43952
 -76.49564,  39.44066
 -76.49532,  39.44133
 -76.49196,  39.44515
 -76.48949,  39.44603
 -76.48570,  39.44514
 -76.48390,  39.44064
 -76.48475,  39.43615
 -76.48952,  39.43396
 -76.49437,  39.43616
END
 -13.00000, -76.42912,  39.44055
 -76.43127,  39.44205
 -76.43417,  39.44056
 -76.43129,  39.43812
 -76.42912,  39.44055
END
 -13.00000, -75.96379,  39.43867
 -75.96384,  39.44316
 -75.95963,  39.44432
 -75.95717,  39.44312
 -75.95601,  39.43862
 -75.95972,  39.43606
 -75.96379,  39.43867
END
 -13.00000, -75.94383,  39.44754
 -75.94450,  39.45204
 -75.94205,  39.45584
 -75.93907,  39.45650
 -75.93620,  39.45718
 -75.93513,  39.45648
 -75.93040,  39.45551
 -75.92467,  39.45192
 -75.92536,  39.44743
 -75.93052,  39.44455
 -75.93633,  39.44511
 -75.94215,  39.44622
 -75.94383,  39.44754
END
 -13.00000, -75.87909,  39.45162
 -75.87803,  39.45205
 -75.87716,  39.45161
 -75.87805,  39.44999
 -75.87909,  39.45162
END
 -13.00000, -75.99800,  39.45685
 -75.99685,  39.46135
 -76.00021,  39.46350
 -76.00525,  39.46140
 -76.00280,  39.45688
 -76.00028,  39.45561
 -75.99800,  39.45685
END
 -13.00000, -75.96935,  39.46119
 -75.97110,  39.46233
 -75.97200,  39.46120
 -75.97114,  39.45806
 -75.96935,  39.46119
END
 -13.00000, -76.01534,  39.47044
 -76.01254,  39.47492
 -76.01174,  39.47554
 -76.00588,  39.47910
 -76.00497,  39.47938
 -76.00588,  39.47952
 -76.01169,  39.48156
 -76.01751,  39.48226
 -76.02335,  39.48058
 -76.02435,  39.47948
 -76.02621,  39.47500
 -76.02924,  39.47321
 -76.03149,  39.47053
 -76.02930,  39.46657
 -76.02348,  39.46617
 -76.01765,  39.46623
 -76.01534,  39.47044
END
 -13.00000, -75.98568,  39.47028
 -75.98847,  39.47268
 -75.99207,  39.47031
 -75.98852,  39.46738
 -75.98568,  39.47028
END
 -13.00000, -75.97057,  39.47918
 -75.97092,  39.47968
 -75.97675,  39.47960
 -75.98258,  39.47928
 -75.98264,  39.47925
 -75.98258,  39.47905
 -75.97677,  39.47800
 -75.97094,  39.47828
 -75.97057,  39.47918
END
 -13.00000, -75.88071,  39.48760
 -75.88123,  39.49210
 -75.87757,  39.49236
 -75.87174,  39.49249
 -75.86845,  39.49202
 -75.86749,  39.48751
 -75.87182,  39.48582
 -75.87764,  39.48639
 -75.88071,  39.48760
END
 -13.00000, -75.86040,  39.49196
 -75.86009,  39.49199
 -75.86006,  39.49196
 -75.86010,  39.49173
 -75.86040,  39.49196
END
 -13.00000, -75.97036,  39.50166
 -75.97070,  39.50184
 -75.97098,  39.50166
 -75.97071,  39.50107
 -75.97036,  39.50166
END
 -13.00000, -75.92340,  39.51036
 -75.92399,  39.51091
 -75.92978,  39.51439
 -75.93562,  39.51331
 -75.94147,  39.51147
 -75.94183,  39.51048
 -75.94148,  39.50963
 -75.93566,  39.50945
 -75.92984,  39.50880
 -75.92400,  39.51027
 -75.92340,  39.51036
END
 -13.00000, -75.83097,  39.50974
 -75.83074,  39.51003
 -75.82488,  39.51258
 -75.82346,  39.51419
 -75.81901,  39.51659
 -75.81715,  39.51414
 -75.81559,  39.50963
 -75.81913,  39.50662
 -75.82493,  39.50872
 -75.83075,  39.50947
 -75.83097,  39.50974
END
 -13.00000, -75.73602,  39.50902
 -75.73318,  39.51350
 -75.73161,  39.51390
 -75.72578,  39.51363
 -75.71996,  39.51389
 -75.71883,  39.51339
 -75.71658,  39.50887
 -75.72005,  39.50625
 -75.72588,  39.50680
 -75.73170,  39.50666
 -75.73602,  39.50902
END
 -13.00000, -75.75597,  39.54965
 -75.75444,  39.55103
 -75.74857,  39.55373
 -75.74573,  39.54957
 -75.74867,  39.54640
 -75.75447,  39.54858
 -75.75597,  39.54965
END
 -13.00000, -76.41691,  39.55743
 -76.41707,  39.56192
 -76.41335,  39.56539
 -76.40752,  39.56632
 -76.40169,  39.56602
 -76.39586,  39.56542
 -76.39003,  39.56364
 -76.38792,  39.56186
 -76.38757,  39.55736
 -76.39007,  39.55502
 -76.39590,  39.55393
 -76.40173,  39.55391
 -76.40756,  39.55362
 -76.41339,  39.55449
 -76.41691,  39.55743
END
 -13.00000, -76.26055,  39.56148
 -76.26170,  39.56499
 -76.26208,  39.56149
 -76.26173,  39.56105
 -76.26055,  39.56148
END
 -13.00000, -75.89971,  39.55967
 -75.90013,  39.56003
 -75.90069,  39.55968
 -75.90014,  39.55938
 -75.89971,  39.55967
END
 -13.00000, -75.72095,  39.55837
 -75.71957,  39.56285
 -75.71928,  39.56297
 -75.71607,  39.56282
 -75.71347,  39.56203
 -75.70763,  39.56255
 -75.70599,  39.55824
 -75.70770,  39.55744
 -75.71352,  39.55763
 -75.71936,  39.55743
 -75.72095,  39.55837
END
 -13.00000, -75.69311,  39.55814
 -75.69286,  39.56263
 -75.69010,  39.56424
 -75.68695,  39.56258
 -75.68726,  39.55809
 -75.69021,  39.55679
 -75.69311,  39.55814
END
 -13.00000, -76.26115,  39.57048
 -76.26167,  39.57083
 -76.26286,  39.57048
 -76.26170,  39.56690
 -76.26115,  39.57048
END
 -13.00000, -75.93333,  39.56888
 -75.93503,  39.56974
 -75.93806,  39.57341
 -75.94080,  39.57491
 -75.94650,  39.57346
 -75.94565,  39.56896
 -75.94090,  39.56611
 -75.93504,  39.56787
 -75.93333,  39.56888
END
 -13.00000, -75.84447,  39.56829
 -75.84459,  39.57279
 -75.84650,  39.57730
 -75.84741,  39.57930
 -75.85325,  39.57910
 -75.85603,  39.57737
 -75.85566,  39.57287
 -75.85448,  39.56836
 -75.85339,  39.56737
 -75.84757,  39.56586
 -75.84447,  39.56829
END
 -13.00000, -76.32314,  39.57517
 -76.32580,  39.57852
 -76.32697,  39.57968
 -76.32578,  39.58150
 -76.32471,  39.58417
 -76.31993,  39.58591
 -76.31409,  39.58640
 -76.30827,  39.58539
 -76.30621,  39.58411
 -76.30453,  39.57961
 -76.30783,  39.57513
 -76.30832,  39.57486
 -76.31416,  39.57354
 -76.31998,  39.57410
 -76.32314,  39.57517
END
 -13.00000, -76.22007,  39.57932
 -76.22076,  39.58258
 -76.22154,  39.57933
 -76.22079,  39.57895
 -76.22007,  39.57932
END
 -13.00000, -75.95791,  39.57803
 -75.95827,  39.57829
 -75.95836,  39.57803
 -75.95827,  39.57797
 -75.95791,  39.57803
END
 -13.00000, -75.71693,  39.57632
 -75.71909,  39.57737
 -75.72142,  39.58085
 -75.71899,  39.58443
 -75.71315,  39.58506
 -75.70998,  39.58526
 -75.70731,  39.58542
 -75.70145,  39.58720
 -75.69718,  39.58965
 -75.69558,  39.59010
 -75.68972,  39.59172
 -75.68731,  39.58957
 -75.68896,  39.58508
 -75.68886,  39.58059
 -75.68989,  39.57946
 -75.69575,  39.57784
 -75.70140,  39.57619
 -75.70161,  39.57617
 -75.70745,  39.57535
 -75.71328,  39.57568
 -75.71693,  39.57632
END
 -13.00000, -75.86744,  39.58194
 -75.87070,  39.58325
 -75.87205,  39.58197
 -75.87077,  39.57790
 -75.86744,  39.58194
END
 -13.00000, -76.19014,  39.58820
 -76.18996,  39.59269
 -76.19151,  39.59446
 -76.19209,  39.59270
 -76.19171,  39.58820
 -76.19156,  39.58802
 -76.19014,  39.58820
END
 -13.00000, -75.73087,  39.58992
 -75.73058,  39.59068
 -75.72958,  39.58991
 -75.73059,  39.58960
 -75.73087,  39.58992
END
 -13.00000, -76.33376,  39.59769
 -76.33736,  39.60075
 -76.34320,  39.60069
 -76.34486,  39.60221
 -76.34902,  39.60336
 -76.35465,  39.60224
 -76.35271,  39.59774
 -76.34905,  39.59658
 -76.34322,  39.59607
 -76.33739,  39.59472
 -76.33376,  39.59769
END
 -13.00000, -75.99754,  39.59625
 -75.99309,  39.59715
 -75.99134,  39.60070
 -75.99305,  39.60117
 -75.99887,  39.60286
 -76.00473,  39.60083
 -76.00536,  39.60078
 -76.00473,  39.60064
 -75.99911,  39.59626
 -75.99893,  39.59623
 -75.99754,  39.59625
END
 -13.00000, -76.10947,  39.61032
 -76.10969,  39.61068
 -76.11131,  39.61033
 -76.10970,  39.60994
 -76.10947,  39.61032
END
 -13.00000, -76.06736,  39.61011
 -76.06861,  39.61462
 -76.06747,  39.61910
 -76.06874,  39.62193
 -76.07459,  39.61998
 -76.07502,  39.61914
 -76.07461,  39.61806
 -76.07025,  39.61462
 -76.07303,  39.61014
 -76.06886,  39.60798
 -76.06736,  39.61011
END
 -13.00000, -76.01624,  39.60984
 -76.01631,  39.60989
 -76.02213,  39.61176
 -76.02676,  39.60989
 -76.02218,  39.60691
 -76.01632,  39.60970
 -76.01624,  39.60984
END
 -13.00000, -75.73062,  39.63039
 -75.73004,  39.63074
 -75.72968,  39.63038
 -75.73005,  39.62988
 -75.73062,  39.63039
END
 -13.00000, -76.15648,  39.63751
 -76.15617,  39.63917
 -76.15593,  39.64201
 -76.15031,  39.64335
 -76.14591,  39.64196
 -76.14571,  39.63746
 -76.15036,  39.63560
 -76.15619,  39.63745
 -76.15648,  39.63751
END
 -13.00000, -75.83744,  39.64918
 -75.84074,  39.65026
 -75.84174,  39.64921
 -75.84076,  39.64870
 -75.83744,  39.64918
END
 -13.00000, -75.76322,  39.64863
 -75.76315,  39.65313
 -75.75889,  39.65740
 -75.75690,  39.65308
 -75.75636,  39.64857
 -75.75903,  39.64653
 -75.76322,  39.64863
END
 -13.00000, -75.85799,  39.65832
 -75.85816,  39.65878
 -75.85855,  39.65832
 -75.85816,  39.65823
 -75.85799,  39.65832
END
 -13.00000, -75.72343,  39.65731
 -75.72380,  39.66047
 -75.72385,  39.66181
 -75.72378,  39.66188
 -75.71792,  39.66365
 -75.71550,  39.66175
 -75.71583,  39.65725
 -75.71803,  39.65523
 -75.72343,  39.65731
END
 -13.00000, -75.61992,  39.66993
 -75.62434,  39.67174
 -75.63014,  39.67409
 -75.63067,  39.67451
 -75.63593,  39.67785
 -75.63912,  39.67909
 -75.63792,  39.68357
 -75.63580,  39.68644
 -75.63475,  39.68805
 -75.63135,  39.69251
 -75.62985,  39.69331
 -75.62402,  39.69311
 -75.61816,  39.69406
 -75.61230,  39.69500
 -75.60646,  39.69468
 -75.60063,  39.69347
 -75.59712,  39.69220
 -75.59484,  39.69037
 -75.59171,  39.68766
 -75.59097,  39.68315
 -75.59094,  39.67866
 -75.59509,  39.67442
 -75.59531,  39.67420
 -75.60098,  39.67099
 -75.60475,  39.66979
 -75.60684,  39.66939
 -75.61269,  39.66886
 -75.61853,  39.66941
 -75.61992,  39.66993
END
 -13.00000, -75.94113,  39.67684
 -75.94295,  39.68135
 -75.93965,  39.68496
 -75.93619,  39.68131
 -75.93823,  39.67683
 -75.93974,  39.67612
 -75.94113,  39.67684
END
 -13.00000, -75.91128,  39.69464
 -75.91614,  39.69815
 -75.91726,  39.69918
 -75.91611,  39.70145
 -75.91535,  39.70366
 -75.91022,  39.70494
 -75.90663,  39.70361
 -75.90444,  39.69923
 -75.90434,  39.69909
 -75.90444,  39.69899
 -75.90973,  39.69463
 -75.91034,  39.69433
 -75.91128,  39.69464
END
 -13.00000, -75.93362,  39.70827
 -75.93356,  39.70849
 -75.93072,  39.71275
 -75.92767,  39.71338
 -75.92619,  39.71272
 -75.92444,  39.70822
 -75.92774,  39.70638
 -75.93356,  39.70824
 -75.93362,  39.70827
END
 -13.00000, -75.72221,  39.70676
 -75.72316,  39.70753
 -75.72498,  39.71128
 -75.72890,  39.71515
 -75.73475,  39.71510
 -75.74059,  39.71499
 -75.74644,  39.71550
 -75.74908,  39.71597
 -75.75227,  39.71683
 -75.75381,  39.72050
 -75.75219,  39.72254
 -75.74632,  39.72383
 -75.74046,  39.72473
 -75.73463,  39.72440
 -75.72879,  39.72372
 -75.72602,  39.72028
 -75.72667,  39.71579
 -75.72308,  39.71408
 -75.71722,  39.71466
 -75.71136,  39.71535
 -75.70900,  39.71565
 -75.70551,  39.71622
 -75.70157,  39.71559
 -75.69968,  39.71540
 -75.69450,  39.71104
 -75.69523,  39.70654
 -75.69983,  39.70420
 -75.70568,  39.70364
 -75.71152,  39.70435
 -75.71735,  39.70510
 -75.72221,  39.70676
END
 -13.00000, -75.90283,  39.71707
 -75.90423,  39.71846
 -75.90601,  39.72159
 -75.91002,  39.72370
 -75.91461,  39.72614
 -75.91539,  39.73064
 -75.91243,  39.73512
 -75.90988,  39.73612
 -75.90480,  39.73507
 -75.90405,  39.73471
 -75.89824,  39.73129
 -75.89762,  39.73053
 -75.89246,  39.72612
 -75.89140,  39.72599
 -75.88661,  39.72546
 -75.88078,  39.72478
 -75.87630,  39.72139
 -75.87671,  39.71690
 -75.88089,  39.71495
 -75.88674,  39.71436
 -75.89259,  39.71436
 -75.89842,  39.71495
 -75.90283,  39.71707
END
 -12.00000, -76.35120,  39.33244
 -76.35026,  39.33277
 -76.34993,  39.33244
 -76.35027,  39.32953
 -76.35120,  39.33244
END
 -12.00000, -76.33509,  39.33689
 -76.33737,  39.34140
 -76.33858,  39.34216
 -76.34441,  39.34156
 -76.35020,  39.34386
 -76.35489,  39.34594
 -76.35600,  39.34766
 -76.35963,  39.35045
 -76.35598,  39.35274
 -76.35344,  39.35493
 -76.35015,  39.35624
 -76.34433,  39.35783
 -76.33852,  39.35695
 -76.33270,  39.35821
 -76.32968,  39.35936
 -76.33269,  39.36051
 -76.33831,  39.36388
 -76.33849,  39.36392
 -76.34430,  39.36408
 -76.35011,  39.36509
 -76.35593,  39.36508
 -76.36174,  39.36554
 -76.36453,  39.36845
 -76.36454,  39.37295
 -76.36169,  39.37680
 -76.36053,  39.37743
 -76.35961,  39.38193
 -76.36166,  39.38374
 -76.36398,  39.38644
 -76.36404,  39.39093
 -76.36162,  39.39295
 -76.35580,  39.39480
 -76.35522,  39.39541
 -76.35146,  39.39989
 -76.35577,  39.40152
 -76.36157,  39.40415
 -76.36301,  39.40442
 -76.36739,  39.40522
 -76.37320,  39.40710
 -76.37492,  39.40894
 -76.37595,  39.41345
 -76.37898,  39.41559
 -76.38480,  39.41588
 -76.39062,  39.41552
 -76.39643,  39.41775
 -76.39726,  39.41799
 -76.40091,  39.42250
 -76.39819,  39.42699
 -76.39756,  39.43148
 -76.39928,  39.43598
 -76.40080,  39.44048
 -76.40144,  39.44498
 -76.40215,  39.44582
 -76.40395,  39.44949
 -76.40212,  39.45182
 -76.39629,  39.45337
 -76.39445,  39.45396
 -76.39046,  39.45470
 -76.38768,  39.45395
 -76.38465,  39.45245
 -76.38107,  39.44943
 -76.37885,  39.44804
 -76.37488,  39.44941
 -76.37301,  39.45095
 -76.36720,  39.45009
 -76.36674,  39.44939
 -76.36139,  39.44518
 -76.35557,  39.44559
 -76.34974,  39.44594
 -76.34392,  39.44609
 -76.33810,  39.44621
 -76.33490,  39.44931
 -76.33224,  39.45301
 -76.32909,  39.45378
 -76.32641,  39.45476
 -76.32493,  39.45827
 -76.32637,  39.46176
 -76.32706,  39.46278
 -76.33218,  39.46665
 -76.33344,  39.46729
 -76.33596,  39.47179
 -76.33797,  39.47380
 -76.34149,  39.47630
 -76.34373,  39.48081
 -76.34257,  39.48530
 -76.34180,  39.48980
 -76.33788,  39.49179
 -76.33607,  39.49427
 -76.33203,  39.49667
 -76.32619,  39.49770
 -76.32037,  39.49633
 -76.31455,  39.49561
 -76.30873,  39.49519
 -76.30289,  39.49657
 -76.29706,  39.49769
 -76.29123,  39.49834
 -76.29003,  39.49863
 -76.29070,  39.50313
 -76.29121,  39.50333
 -76.29701,  39.50732
 -76.29746,  39.50765
 -76.29912,  39.51215
 -76.29813,  39.51664
 -76.29695,  39.51794
 -76.29112,  39.51833
 -76.28795,  39.52111
 -76.28527,  39.52301
 -76.27943,  39.52510
 -76.27360,  39.52531
 -76.26777,  39.52532
 -76.26524,  39.52553
 -76.26193,  39.52662
 -76.25610,  39.52686
 -76.25441,  39.52999
 -76.25024,  39.53198
 -76.24868,  39.52997
 -76.25027,  39.52640
 -76.25375,  39.52549
 -76.25429,  39.52099
 -76.25032,  39.51882
 -76.24720,  39.52097
 -76.24445,  39.52469
 -76.23862,  39.52482
 -76.23280,  39.52397
 -76.22697,  39.52404
 -76.22114,  39.52502
 -76.21531,  39.52477
 -76.20948,  39.52387
 -76.20366,  39.52349
 -76.19783,  39.52334
 -76.19336,  39.52076
 -76.19202,  39.51993
 -76.18620,  39.51884
 -76.18039,  39.51633
 -76.17837,  39.51620
 -76.17457,  39.51596
 -76.16875,  39.51466
 -76.16293,  39.51377
 -76.15710,  39.51395
 -76.15125,  39.51512
 -76.14544,  39.51388
 -76.14090,  39.51154
 -76.13964,  39.50955
 -76.13381,  39.50999
 -76.12840,  39.51149
 -76.12797,  39.51155
 -76.12781,  39.51149
 -76.12607,  39.50698
 -76.12429,  39.50247
 -76.12383,  39.49797
 -76.12227,  39.49526
 -76.11833,  39.49346
 -76.11646,  39.49275
 -76.11302,  39.48893
 -76.11067,  39.48785
 -76.10487,  39.48603
 -76.10328,  39.48439
 -76.09946,  39.47987
 -76.09909,  39.47942
 -76.09329,  39.47644
 -76.09101,  39.47533
 -76.08749,  39.47393
 -76.08535,  39.47081
 -76.08755,  39.46660
 -76.08838,  39.46633
 -76.09338,  39.46542
 -76.09921,  39.46493
 -76.10500,  39.46192
 -76.10506,  39.46181
 -76.10793,  39.45744
 -76.11093,  39.45557
 -76.11677,  39.45387
 -76.11901,  39.45299
 -76.12262,  39.45061
 -76.12527,  39.44852
 -76.12848,  39.44536
 -76.12889,  39.44404
 -76.12898,  39.43954
 -76.12853,  39.43912
 -76.12271,  39.43842
 -76.11691,  39.43604
 -76.11520,  39.43498
 -76.11111,  39.43319
 -76.10804,  39.43045
 -76.11105,  39.42598
 -76.11117,  39.42592
 -76.11700,  39.42500
 -76.12282,  39.42466
 -76.12864,  39.42490
 -76.13445,  39.42562
 -76.13838,  39.42610
 -76.14027,  39.42657
 -76.14608,  39.42773
 -76.15189,  39.42918
 -76.15468,  39.42617
 -76.15565,  39.42168
 -76.15588,  39.41718
 -76.15575,  39.41269
 -76.15614,  39.40819
 -76.15789,  39.40552
 -76.15961,  39.40371
 -76.16283,  39.39923
 -76.16376,  39.39837
 -76.16522,  39.39474
 -76.16589,  39.39025
 -76.16384,  39.38685
 -76.16241,  39.38574
 -76.15804,  39.38369
 -76.15292,  39.38120
 -76.15269,  39.37670
 -76.15811,  39.37452
 -76.16393,  39.37423
 -76.16975,  39.37467
 -76.17556,  39.37536
 -76.18137,  39.37584
 -76.18382,  39.37683
 -76.18716,  39.38092
 -76.18800,  39.38135
 -76.19289,  39.38587
 -76.19294,  39.38589
 -76.19874,  39.38822
 -76.20185,  39.38590
 -76.20458,  39.38447
 -76.21041,  39.38248
 -76.21410,  39.38145
 -76.21624,  39.38072
 -76.22206,  39.37984
 -76.22391,  39.37700
 -76.22791,  39.37519
 -76.23302,  39.37253
 -76.23375,  39.37154
 -76.23585,  39.36804
 -76.23380,  39.36423
 -76.23129,  39.36353
 -76.22799,  39.36275
 -76.22603,  39.35902
 -76.22709,  39.35453
 -76.22658,  39.35003
 -76.22809,  39.34737
 -76.23293,  39.34555
 -76.23392,  39.34519
 -76.23973,  39.34500
 -76.24287,  39.34559
 -76.24554,  39.34642
 -76.25134,  39.34734
 -76.25714,  39.35012
 -76.25724,  39.35014
 -76.26295,  39.35209
 -76.26598,  39.35467
 -76.26820,  39.35917
 -76.26872,  39.35956
 -76.27220,  39.35918
 -76.27454,  39.35847
 -76.28037,  39.35549
 -76.28300,  39.35472
 -76.28521,  39.35023
 -76.28327,  39.34573
 -76.28043,  39.34427
 -76.27686,  39.34121
 -76.27814,  39.33672
 -76.28048,  39.33557
 -76.28629,  39.33616
 -76.29069,  39.33676
 -76.29210,  39.33700
 -76.29550,  39.34127
 -76.29788,  39.34300
 -76.30369,  39.34492
 -76.30560,  39.34580
 -76.30949,  39.34876
 -76.31531,  39.34715
 -76.31728,  39.34584
 -76.31967,  39.34134
 -76.32117,  39.33831
 -76.32219,  39.33686
 -76.32700,  39.33514
 -76.33281,  39.33541
 -76.33509,  39.33689
END
 -12.00000, -76.40453,  39.35956
 -76.40247,  39.36263
 -76.39669,  39.36403
 -76.39664,  39.36404
 -76.39660,  39.36403
 -76.39084,  39.36082
 -76.38955,  39.35952
 -76.39085,  39.35923
 -76.39667,  39.35872
 -76.40248,  39.35828
 -76.40453,  39.35956
END
 -12.00000, -76.37957,  39.35950
 -76.37921,  39.35962
 -76.37888,  39.35950
 -76.37921,  39.35939
 -76.37957,  39.35950
END
 -12.00000, -76.29375,  39.35925
 -76.29542,  39.36375
 -76.29777,  39.36557
 -76.30066,  39.36377
 -76.30286,  39.35928
 -76.29781,  39.35733
 -76.29375,  39.35925
END
 -12.00000, -76.23717,  39.35906
 -76.23667,  39.36355
 -76.23962,  39.36399
 -76.24126,  39.36357
 -76.24431,  39.35909
 -76.23965,  39.35746
 -76.23717,  39.35906
END
 -12.00000, -76.23721,  39.39053
 -76.23944,  39.39204
 -76.24313,  39.39055
 -76.23947,  39.38699
 -76.23721,  39.39053
END
 -12.00000, -76.34724,  39.41787
 -76.34499,  39.42236
 -76.34985,  39.42393
 -76.35303,  39.42238
 -76.35118,  39.41788
 -76.34987,  39.41746
 -76.34724,  39.41787
END
 -12.00000, -76.36727,  39.42242
 -76.36662,  39.42691
 -76.36728,  39.43031
 -76.37310,  39.43016
 -76.37403,  39.43142
 -76.37891,  39.43227
 -76.38219,  39.43145
 -76.38292,  39.42695
 -76.37894,  39.42548
 -76.37359,  39.42244
 -76.37314,  39.42089
 -76.36731,  39.42235
 -76.36727,  39.42242
END
 -12.00000, -76.07052,  39.42128
 -76.07046,  39.42130
 -76.07043,  39.42128
 -76.07046,  39.42122
 -76.07052,  39.42128
END
 -12.00000, -76.38846,  39.43146
 -76.39056,  39.43192
 -76.39459,  39.43148
 -76.39057,  39.42830
 -76.38846,  39.43146
END
 -12.00000, -76.32063,  39.44477
 -76.31872,  39.44926
 -76.32045,  39.45376
 -76.32059,  39.45389
 -76.32195,  39.45377
 -76.32365,  39.44928
 -76.32065,  39.44477
 -76.32063,  39.44463
 -76.32063,  39.44477
END
 -12.00000, -76.23560,  39.48945
 -76.23884,  39.49017
 -76.23943,  39.48947
 -76.23885,  39.48911
 -76.23560,  39.48945
END
 -12.00000, -76.07227,  39.48873
 -76.07568,  39.49253
 -76.07668,  39.49325
 -76.08148,  39.49506
 -76.08732,  39.49434
 -76.09314,  39.49453
 -76.09895,  39.49649
 -76.10252,  39.49788
 -76.10359,  39.50238
 -76.10009,  39.50686
 -76.09885,  39.50873
 -76.09818,  39.51134
 -76.09882,  39.51169
 -76.10466,  39.51143
 -76.11046,  39.51475
 -76.11380,  39.51592
 -76.11613,  39.52042
 -76.11039,  39.52351
 -76.10525,  39.52487
 -76.10455,  39.52506
 -76.09872,  39.52565
 -76.09356,  39.52481
 -76.09290,  39.52456
 -76.09084,  39.52480
 -76.08706,  39.52518
 -76.08391,  39.52926
 -76.08379,  39.53376
 -76.08695,  39.53807
 -76.08753,  39.53827
 -76.08694,  39.53870
 -76.08109,  39.54119
 -76.07529,  39.53840
 -76.07491,  39.53821
 -76.07339,  39.53370
 -76.07090,  39.52919
 -76.06954,  39.52860
 -76.06371,  39.52852
 -76.05790,  39.52662
 -76.05208,  39.52530
 -76.04680,  39.52457
 -76.04626,  39.52439
 -76.04382,  39.52006
 -76.04633,  39.51703
 -76.04779,  39.51559
 -76.05219,  39.51263
 -76.05341,  39.51112
 -76.05223,  39.50872
 -76.04973,  39.50660
 -76.04643,  39.50483
 -76.04211,  39.50206
 -76.04241,  39.49757
 -76.04652,  39.49567
 -76.05235,  39.49444
 -76.05819,  39.49354
 -76.05988,  39.49316
 -76.06403,  39.49124
 -76.06742,  39.48871
 -76.06990,  39.48696
 -76.07227,  39.48873
END
 -12.00000, -76.06905,  39.51120
 -76.06969,  39.51154
 -76.07014,  39.51120
 -76.06970,  39.50976
 -76.06905,  39.51120
END
 -12.00000, -76.39127,  39.52140
 -76.39020,  39.52196
 -76.38869,  39.52139
 -76.39021,  39.51928
 -76.39127,  39.52140
END
 -12.00000, -76.34991,  39.53029
 -76.34936,  39.53062
 -76.34863,  39.53028
 -76.34936,  39.52917
 -76.34991,  39.53029
END
 -12.00000, -76.18214,  39.52971
 -76.18610,  39.53325
 -76.18842,  39.53423
 -76.19192,  39.53525
 -76.19775,  39.53609
 -76.20357,  39.53637
 -76.20940,  39.53589
 -76.21523,  39.53742
 -76.22105,  39.53862
 -76.22147,  39.53886
 -76.22105,  39.53925
 -76.21520,  39.54087
 -76.21358,  39.54332
 -76.20934,  39.54489
 -76.20392,  39.54778
 -76.20349,  39.54862
 -76.19898,  39.55226
 -76.19762,  39.55396
 -76.19179,  39.55468
 -76.18596,  39.55445
 -76.18012,  39.55442
 -76.17779,  39.55217
 -76.17449,  39.54766
 -76.17434,  39.54758
 -76.16852,  39.54586
 -76.16268,  39.54756
 -76.16219,  39.54761
 -76.15684,  39.54895
 -76.15419,  39.54758
 -76.15102,  39.54705
 -76.14519,  39.54665
 -76.13939,  39.54320
 -76.13903,  39.54301
 -76.13625,  39.53850
 -76.13361,  39.53672
 -76.12778,  39.53530
 -76.12421,  39.53395
 -76.12340,  39.52945
 -76.12785,  39.52631
 -76.13368,  39.52667
 -76.13951,  39.52642
 -76.14532,  39.52909
 -76.15115,  39.52956
 -76.15128,  39.52958
 -76.15697,  39.53012
 -76.16280,  39.53003
 -76.16402,  39.52963
 -76.16865,  39.52806
 -76.17447,  39.52932
 -76.18031,  39.52788
 -76.18214,  39.52971
END
 -12.00000, -76.04304,  39.52905
 -76.04037,  39.53168
 -76.03454,  39.53144
 -76.03068,  39.53348
 -76.02869,  39.53378
 -76.02285,  39.53406
 -76.01702,  39.53398
 -76.01163,  39.53337
 -76.01120,  39.53316
 -76.00800,  39.52886
 -76.01125,  39.52752
 -76.01709,  39.52653
 -76.02293,  39.52642
 -76.02875,  39.52680
 -76.03458,  39.52719
 -76.04042,  39.52558
 -76.04304,  39.52905
END
 -12.00000, -76.28077,  39.53907
 -76.27934,  39.54098
 -76.27351,  39.54093
 -76.26768,  39.54139
 -76.26591,  39.53902
 -76.26770,  39.53710
 -76.27353,  39.53746
 -76.27936,  39.53779
 -76.28077,  39.53907
END
 -12.00000, -76.00010,  39.55129
 -76.00400,  39.55582
 -76.00513,  39.55824
 -76.00729,  39.56033
 -76.01091,  39.56433
 -76.01199,  39.56036
 -76.01680,  39.55790
 -76.02264,  39.55717
 -76.02848,  39.55596
 -76.03431,  39.55665
 -76.04014,  39.55721
 -76.04351,  39.56053
 -76.04591,  39.56337
 -76.04826,  39.56505
 -76.05171,  39.56671
 -76.05516,  39.56958
 -76.05749,  39.57394
 -76.05798,  39.57409
 -76.06330,  39.57565
 -76.06913,  39.57684
 -76.07230,  39.57866
 -76.06908,  39.58209
 -76.06324,  39.58279
 -76.06136,  39.58310
 -76.05740,  39.58337
 -76.05638,  39.58308
 -76.05253,  39.57856
 -76.05162,  39.57777
 -76.04578,  39.57745
 -76.03997,  39.57575
 -76.03414,  39.57500
 -76.02831,  39.57404
 -76.02729,  39.57393
 -76.02249,  39.57293
 -76.01667,  39.57195
 -76.01223,  39.56935
 -76.01089,  39.56536
 -76.01057,  39.56484
 -76.00510,  39.56128
 -75.99926,  39.56274
 -75.99677,  39.56027
 -75.99519,  39.55576
 -75.99351,  39.55448
 -75.98769,  39.55270
 -75.98627,  39.55122
 -75.98772,  39.54940
 -75.99355,  39.54950
 -75.99937,  39.55081
 -76.00010,  39.55129
END
 -12.00000, -75.96252,  39.55107
 -75.95853,  39.55341
 -75.95271,  39.55218
 -75.94948,  39.55099
 -75.95274,  39.54927
 -75.95858,  39.54781
 -75.96252,  39.55107
END
 -12.00000, -76.15214,  39.56105
 -76.15529,  39.56557
 -76.15666,  39.57007
 -76.15628,  39.57457
 -76.15371,  39.57905
 -76.15077,  39.58028
 -76.14494,  39.58054
 -76.13910,  39.58070
 -76.13326,  39.58169
 -76.12743,  39.58191
 -76.12159,  39.58169
 -76.11888,  39.57889
 -76.12164,  39.57587
 -76.12748,  39.57507
 -76.12907,  39.57444
 -76.13333,  39.57281
 -76.13483,  39.56997
 -76.13921,  39.56620
 -76.14331,  39.56551
 -76.14506,  39.56483
 -76.15009,  39.56105
 -76.15092,  39.55950
 -76.15214,  39.56105
END
 -12.00000, -76.21176,  39.57029
 -76.20917,  39.57199
 -76.20677,  39.57027
 -76.20921,  39.56649
 -76.21176,  39.57029
END
 -12.00000, -75.91370,  39.60023
 -75.91133,  39.60330
 -75.90564,  39.60018
 -75.91139,  39.59749
 -75.91370,  39.60023
END
END
