 -13.00000, -76.57550,  39.19794
 -76.57537,  39.20244
 -76.57134,  39.20515
 -76.56554,  39.20548
 -76.56242,  39.20243
 -76.56301,  39.19793
 -76.56555,  39.19608
 -76.57136,  39.19493
 -76.57550,  39.19794
END
 -13.00000, -76.46481,  39.19780
 -76.46458,  39.20230
 -76.46109,  39.20494
 -76.45528,  39.20555
 -76.44949,  39.20498
 -76.44513,  39.20226
 -76.44512,  39.19777
 -76.44952,  39.19503
 -76.45532,  39.19446
 -76.46112,  39.19496
 -76.46481,  39.19780
END
 -13.00000, -76.58092,  39.21593
 -76.58293,  39.21645
 -76.58511,  39.22044
 -76.58292,  39.22351
 -76.57854,  39.22493
 -76.57712,  39.22544
 -76.57158,  39.22942
 -76.57131,  39.22974
 -76.57024,  39.22942
 -76.56934,  39.22492
 -76.56855,  39.22042
 -76.57133,  39.21754
 -76.57407,  39.21593
 -76.57713,  39.21523
 -76.58092,  39.21593
END
 -13.00000, -76.54358,  39.22489
 -76.54778,  39.22939
 -76.54809,  39.23006
 -76.55301,  39.23389
 -76.55389,  39.23542
 -76.55492,  39.23840
 -76.55387,  39.24228
 -76.55367,  39.24289
 -76.54947,  39.24738
 -76.55189,  39.25188
 -76.55386,  39.25207
 -76.55966,  39.25381
 -76.56547,  39.25276
 -76.57127,  39.25331
 -76.57708,  39.25498
 -76.58139,  39.25641
 -76.58289,  39.25759
 -76.58443,  39.26090
 -76.58288,  39.26321
 -76.58161,  39.26540
 -76.58023,  39.26989
 -76.57747,  39.27439
 -76.57706,  39.27473
 -76.57191,  39.27888
 -76.57704,  39.28195
 -76.58111,  39.28338
 -76.58286,  39.28370
 -76.58866,  39.28517
 -76.59116,  39.28339
 -76.59447,  39.28177
 -76.60028,  39.28178
 -76.60609,  39.28101
 -76.61147,  39.28340
 -76.61190,  39.28417
 -76.61260,  39.28340
 -76.61372,  39.27891
 -76.61771,  39.27601
 -76.62352,  39.27752
 -76.62457,  39.27891
 -76.62352,  39.28263
 -76.62292,  39.28341
 -76.61771,  39.28576
 -76.61436,  39.28790
 -76.61602,  39.29240
 -76.61770,  39.29303
 -76.62351,  39.29384
 -76.62932,  39.29591
 -76.63097,  39.29690
 -76.63197,  39.30140
 -76.62931,  39.30422
 -76.62350,  39.30558
 -76.61769,  39.30561
 -76.61188,  39.30492
 -76.60607,  39.30451
 -76.60026,  39.30453
 -76.59930,  39.30588
 -76.59837,  39.31037
 -76.60025,  39.31239
 -76.60606,  39.31309
 -76.60917,  39.31488
 -76.61187,  39.31679
 -76.61768,  39.31651
 -76.62350,  39.31583
 -76.62788,  39.31489
 -76.62931,  39.31464
 -76.62975,  39.31489
 -76.63395,  39.31938
 -76.63512,  39.32136
 -76.63824,  39.32388
 -76.64093,  39.32468
 -76.64674,  39.32391
 -76.64711,  39.32388
 -76.65255,  39.32343
 -76.65836,  39.32255
 -76.66418,  39.32159
 -76.66501,  39.31939
 -76.66798,  39.31490
 -76.66955,  39.31039
 -76.66999,  39.30996
 -76.67059,  39.31039
 -76.67408,  39.31490
 -76.67580,  39.31586
 -76.68162,  39.31839
 -76.68236,  39.31939
 -76.68162,  39.32063
 -76.67580,  39.32188
 -76.67272,  39.32388
 -76.66999,  39.32453
 -76.66562,  39.32838
 -76.66418,  39.33183
 -76.66360,  39.33288
 -76.65836,  39.33582
 -76.65638,  39.33737
 -76.65517,  39.34187
 -76.65429,  39.34637
 -76.65460,  39.35086
 -76.65836,  39.35323
 -76.66418,  39.35285
 -76.66999,  39.35384
 -76.67225,  39.35536
 -76.67397,  39.35986
 -76.67197,  39.36435
 -76.66999,  39.36540
 -76.66418,  39.36674
 -76.65836,  39.36639
 -76.65346,  39.36435
 -76.65254,  39.36192
 -76.64673,  39.36385
 -76.64648,  39.36435
 -76.64091,  39.36693
 -76.63509,  39.36846
 -76.63430,  39.36884
 -76.62927,  39.37153
 -76.62701,  39.36884
 -76.62346,  39.36724
 -76.61765,  39.36791
 -76.61568,  39.36884
 -76.61502,  39.37333
 -76.61619,  39.37783
 -76.61623,  39.38233
 -76.61528,  39.38682
 -76.61436,  39.39132
 -76.61181,  39.39391
 -76.60959,  39.39582
 -76.60651,  39.40031
 -76.61087,  39.40480
 -76.61179,  39.40525
 -76.61528,  39.40930
 -76.61437,  39.41380
 -76.61179,  39.41624
 -76.60596,  39.41769
 -76.60015,  39.41662
 -76.59875,  39.41829
 -76.59631,  39.42278
 -76.59431,  39.42548
 -76.59056,  39.42728
 -76.58849,  39.42884
 -76.58716,  39.43177
 -76.58832,  39.43626
 -76.58758,  39.44077
 -76.58848,  39.44303
 -76.59042,  39.44526
 -76.59116,  39.44976
 -76.58846,  39.45412
 -76.58838,  39.45425
 -76.58546,  39.45874
 -76.58436,  39.46325
 -76.58263,  39.46561
 -76.58028,  39.46774
 -76.57861,  39.47223
 -76.57889,  39.47673
 -76.57678,  39.47968
 -76.57096,  39.47823
 -76.56868,  39.48122
 -76.56833,  39.48571
 -76.56523,  39.49021
 -76.56512,  39.49030
 -76.56042,  39.49470
 -76.55928,  39.49503
 -76.55345,  39.49633
 -76.54762,  39.49688
 -76.54535,  39.49918
 -76.54762,  39.50295
 -76.54942,  39.50368
 -76.55344,  39.50477
 -76.55927,  39.50705
 -76.56078,  39.50819
 -76.56033,  39.51268
 -76.55925,  39.51338
 -76.55342,  39.51566
 -76.54759,  39.51614
 -76.54176,  39.51556
 -76.53762,  39.51716
 -76.53593,  39.51894
 -76.53490,  39.52165
 -76.53009,  39.52522
 -76.52426,  39.52369
 -76.51843,  39.52254
 -76.51270,  39.52612
 -76.51260,  39.52615
 -76.50677,  39.52774
 -76.50275,  39.53060
 -76.50092,  39.53255
 -76.49509,  39.53429
 -76.48926,  39.53493
 -76.48463,  39.53057
 -76.48344,  39.52913
 -76.47762,  39.52865
 -76.47659,  39.53056
 -76.47760,  39.53441
 -76.47838,  39.53506
 -76.47759,  39.53574
 -76.47675,  39.53955
 -76.47549,  39.54405
 -76.47173,  39.54610
 -76.46702,  39.54853
 -76.46590,  39.54986
 -76.46329,  39.55302
 -76.46004,  39.55487
 -76.45464,  39.55750
 -76.45421,  39.55796
 -76.44836,  39.56099
 -76.44767,  39.56199
 -76.44664,  39.56648
 -76.44613,  39.57097
 -76.44619,  39.57547
 -76.44543,  39.57996
 -76.44246,  39.58370
 -76.43662,  39.58393
 -76.43368,  39.57994
 -76.43081,  39.57790
 -76.42831,  39.57993
 -76.42690,  39.58442
 -76.42494,  39.58638
 -76.41911,  39.58663
 -76.41328,  39.58536
 -76.40998,  39.58438
 -76.40746,  39.58342
 -76.40162,  39.58437
 -76.40160,  39.58437
 -76.39577,  39.58674
 -76.38994,  39.58692
 -76.38410,  39.58630
 -76.38091,  39.58432
 -76.37829,  39.58226
 -76.37611,  39.57981
 -76.37247,  39.57742
 -76.36664,  39.57870
 -76.36340,  39.57978
 -76.36079,  39.58158
 -76.35575,  39.58426
 -76.35494,  39.58464
 -76.34910,  39.58594
 -76.34325,  39.58788
 -76.33818,  39.58871
 -76.33742,  39.58894
 -76.33447,  39.59319
 -76.33156,  39.59423
 -76.32572,  39.59465
 -76.31989,  39.59529
 -76.31586,  39.59763
 -76.31402,  39.60117
 -76.31337,  39.60212
 -76.30817,  39.60320
 -76.30693,  39.60210
 -76.30717,  39.59761
 -76.30820,  39.59675
 -76.31404,  39.59639
 -76.31738,  39.59314
 -76.31648,  39.58864
 -76.31409,  39.58687
 -76.30826,  39.58612
 -76.30243,  39.58519
 -76.29979,  39.58409
 -76.29662,  39.58151
 -76.29559,  39.57959
 -76.29663,  39.57792
 -76.30092,  39.57510
 -76.30248,  39.57435
 -76.30833,  39.57347
 -76.31416,  39.57306
 -76.31921,  39.57066
 -76.32001,  39.56897
 -76.32585,  39.56805
 -76.32800,  39.56619
 -76.33170,  39.56536
 -76.33754,  39.56307
 -76.34320,  39.56174
 -76.34338,  39.56156
 -76.34542,  39.55725
 -76.34665,  39.55276
 -76.34344,  39.54850
 -76.34314,  39.54825
 -76.33762,  39.54720
 -76.33179,  39.54536
 -76.32597,  39.54537
 -76.32012,  39.54692
 -76.31899,  39.54818
 -76.31834,  39.55268
 -76.31721,  39.55717
 -76.31460,  39.56166
 -76.31422,  39.56199
 -76.30838,  39.56313
 -76.30576,  39.56163
 -76.30257,  39.55949
 -76.29672,  39.56100
 -76.29630,  39.56160
 -76.29087,  39.56515
 -76.28838,  39.56607
 -76.28503,  39.56766
 -76.27918,  39.56883
 -76.27335,  39.56968
 -76.26752,  39.57050
 -76.26751,  39.57053
 -76.26642,  39.57499
 -76.26163,  39.57779
 -76.25579,  39.57879
 -76.24998,  39.57512
 -76.24934,  39.57493
 -76.24426,  39.57042
 -76.24418,  39.57030
 -76.24118,  39.56591
 -76.23839,  39.56287
 -76.23773,  39.56140
 -76.23347,  39.55689
 -76.23260,  39.55629
 -76.22678,  39.55383
 -76.22095,  39.55437
 -76.21512,  39.55380
 -76.20928,  39.55414
 -76.20345,  39.55523
 -76.19999,  39.55676
 -76.19759,  39.55841
 -76.19481,  39.56124
 -76.19172,  39.56388
 -76.18989,  39.56571
 -76.18584,  39.56993
 -76.18565,  39.57019
 -76.18462,  39.57468
 -76.18291,  39.57917
 -76.18577,  39.58197
 -76.19077,  39.58370
 -76.19159,  39.58381
 -76.19230,  39.58370
 -76.19743,  39.58239
 -76.20327,  39.58167
 -76.20759,  39.57927
 -76.20913,  39.57789
 -76.21497,  39.57649
 -76.22081,  39.57571
 -76.22407,  39.57933
 -76.22135,  39.58382
 -76.22076,  39.58412
 -76.21584,  39.58829
 -76.21488,  39.59023
 -76.21359,  39.59278
 -76.20901,  39.59543
 -76.20317,  39.59656
 -76.19733,  39.59698
 -76.19550,  39.59721
 -76.19148,  39.59925
 -76.18948,  39.60168
 -76.18561,  39.60479
 -76.18159,  39.60614
 -76.17976,  39.60653
 -76.17392,  39.60736
 -76.16808,  39.60659
 -76.16364,  39.60607
 -76.16225,  39.60591
 -76.15643,  39.60405
 -76.15343,  39.60153
 -76.15093,  39.59702
 -76.15065,  39.59682
 -76.14560,  39.59250
 -76.14556,  39.58801
 -76.15075,  39.58383
 -76.15141,  39.58353
 -76.15557,  39.57906
 -76.15662,  39.57780
 -76.15995,  39.57458
 -76.16250,  39.57270
 -76.16486,  39.57010
 -76.16514,  39.56561
 -76.16257,  39.56329
 -76.15968,  39.56109
 -76.16259,  39.55926
 -76.16606,  39.56112
 -76.16840,  39.56266
 -76.17001,  39.56113
 -76.17237,  39.55665
 -76.17430,  39.55278
 -76.17443,  39.55216
 -76.17432,  39.55119
 -76.17371,  39.54766
 -76.16853,  39.54424
 -76.16270,  39.54469
 -76.15688,  39.54324
 -76.15671,  39.54309
 -76.15503,  39.53858
 -76.15112,  39.53418
 -76.14528,  39.53534
 -76.13944,  39.53623
 -76.13360,  39.53724
 -76.12778,  39.53672
 -76.12244,  39.53394
 -76.12267,  39.52945
 -76.12203,  39.52558
 -76.12097,  39.52494
 -76.11623,  39.52131
 -76.11039,  39.52378
 -76.10464,  39.52486
 -76.10455,  39.52489
 -76.09871,  39.52613
 -76.09399,  39.52931
 -76.09284,  39.53084
 -76.08700,  39.53279
 -76.08451,  39.53376
 -76.08115,  39.53445
 -76.07950,  39.53373
 -76.07536,  39.53053
 -76.07450,  39.52922
 -76.06960,  39.52469
 -76.06957,  39.52468
 -76.06377,  39.52241
 -76.05795,  39.52076
 -76.05750,  39.52013
 -76.05796,  39.51945
 -76.06380,  39.51760
 -76.06703,  39.51569
 -76.06966,  39.51517
 -76.07549,  39.51509
 -76.08132,  39.51430
 -76.08545,  39.51128
 -76.08720,  39.50859
 -76.09081,  39.50681
 -76.09305,  39.50599
 -76.09888,  39.50468
 -76.10472,  39.50389
 -76.11054,  39.50441
 -76.11428,  39.50692
 -76.11549,  39.51143
 -76.11629,  39.51431
 -76.11750,  39.51593
 -76.12207,  39.52021
 -76.12228,  39.52045
 -76.12788,  39.52309
 -76.13371,  39.52250
 -76.13953,  39.52369
 -76.14536,  39.52479
 -76.14593,  39.52505
 -76.15117,  39.52694
 -76.15344,  39.52959
 -76.15160,  39.53408
 -76.15694,  39.53572
 -76.16277,  39.53498
 -76.16685,  39.53414
 -76.16862,  39.53288
 -76.17446,  39.53091
 -76.18029,  39.53069
 -76.18114,  39.52971
 -76.18030,  39.52908
 -76.17450,  39.52523
 -76.17449,  39.52518
 -76.17429,  39.52068
 -76.16871,  39.51923
 -76.16289,  39.51848
 -76.15707,  39.51624
 -76.15679,  39.51611
 -76.15221,  39.51159
 -76.15136,  39.50710
 -76.15131,  39.50700
 -76.14549,  39.50669
 -76.13967,  39.50576
 -76.13542,  39.50252
 -76.13538,  39.49803
 -76.13976,  39.49491
 -76.14558,  39.49502
 -76.15140,  39.49610
 -76.15421,  39.49812
 -76.15718,  39.50180
 -76.16302,  39.50053
 -76.16885,  39.50040
 -76.17468,  39.49971
 -76.18050,  39.50121
 -76.18292,  39.49823
 -76.18444,  39.49375
 -76.18640,  39.48992
 -76.18698,  39.48926
 -76.18936,  39.48477
 -76.19228,  39.48224
 -76.19298,  39.48029
 -76.19231,  39.47757
 -76.18967,  39.47578
 -76.18652,  39.47380
 -76.18357,  39.47126
 -76.18409,  39.46677
 -76.18658,  39.46333
 -76.18781,  39.46229
 -76.19228,  39.45781
 -76.19244,  39.45773
 -76.19829,  39.45499
 -76.20280,  39.45335
 -76.20413,  39.45259
 -76.20996,  39.45129
 -76.21217,  39.44889
 -76.21000,  39.44540
 -76.20927,  39.44439
 -76.20422,  39.44000
 -76.20409,  39.43987
 -76.19841,  39.43753
 -76.19260,  39.43591
 -76.19105,  39.43532
 -76.18680,  39.43221
 -76.18492,  39.43080
 -76.18101,  39.42756
 -76.17987,  39.42628
 -76.17707,  39.42177
 -76.17818,  39.41728
 -76.18109,  39.41560
 -76.18693,  39.41422
 -76.19275,  39.41373
 -76.19857,  39.41389
 -76.20439,  39.41337
 -76.21021,  39.41401
 -76.21572,  39.41293
 -76.21603,  39.41275
 -76.22186,  39.41222
 -76.22770,  39.40866
 -76.23196,  39.40850
 -76.22770,  39.40832
 -76.22190,  39.40590
 -76.21640,  39.40394
 -76.21609,  39.40376
 -76.21133,  39.39943
 -76.21112,  39.39494
 -76.21286,  39.39044
 -76.21429,  39.38595
 -76.21623,  39.38192
 -76.21673,  39.38147
 -76.22208,  39.37791
 -76.22610,  39.38150
 -76.22787,  39.38228
 -76.23368,  39.38253
 -76.23949,  39.38381
 -76.24530,  39.38499
 -76.24766,  39.38607
 -76.25110,  39.38883
 -76.25208,  39.39059
 -76.25108,  39.39167
 -76.24615,  39.39507
 -76.24524,  39.39585
 -76.23940,  39.39784
 -76.23763,  39.39953
 -76.23765,  39.40403
 -76.23399,  39.40850
 -76.23933,  39.40913
 -76.23992,  39.40853
 -76.24249,  39.40404
 -76.24519,  39.40287
 -76.25101,  39.40276
 -76.25684,  39.40237
 -76.26265,  39.40284
 -76.26847,  39.40349
 -76.27430,  39.40175
 -76.27956,  39.39967
 -76.27692,  39.39517
 -76.27646,  39.39067
 -76.27438,  39.38803
 -76.27174,  39.38616
 -76.26857,  39.38528
 -76.26395,  39.38164
 -76.26279,  39.37808
 -76.26183,  39.37713
 -76.25700,  39.37314
 -76.25584,  39.37262
 -76.25559,  39.36811
 -76.25704,  39.36771
 -76.26286,  39.36606
 -76.26712,  39.36366
 -76.26871,  39.35995
 -76.27454,  39.35953
 -76.27499,  39.35919
 -76.28037,  39.35601
 -76.28201,  39.35472
 -76.28587,  39.35023
 -76.28622,  39.34977
 -76.29205,  39.34758
 -76.29787,  39.34638
 -76.29854,  39.34578
 -76.30370,  39.34229
 -76.30618,  39.34130
 -76.30954,  39.33710
 -76.30964,  39.33682
 -76.31174,  39.33233
 -76.31540,  39.32832
 -76.31623,  39.32785
 -76.32123,  39.32550
 -76.32425,  39.32787
 -76.32701,  39.33088
 -76.33241,  39.32790
 -76.32773,  39.32338
 -76.32707,  39.31905
 -76.32705,  39.31889
 -76.32707,  39.31885
 -76.32935,  39.31440
 -76.33292,  39.31072
 -76.33346,  39.30991
 -76.33876,  39.30555
 -76.33910,  39.30543
 -76.34459,  39.30190
 -76.34544,  39.30095
 -76.34912,  39.29647
 -76.35043,  39.29589
 -76.35339,  39.29648
 -76.35623,  39.29734
 -76.36204,  39.29749
 -76.36785,  39.29658
 -76.36796,  39.29652
 -76.37368,  39.29306
 -76.37475,  39.29204
 -76.37664,  39.28755
 -76.37952,  39.28602
 -76.38534,  39.28453
 -76.39114,  39.28395
 -76.39694,  39.28743
 -76.40276,  39.28547
 -76.40858,  39.28332
 -76.40906,  39.28312
 -76.41306,  39.27864
 -76.40860,  39.27609
 -76.40279,  39.27541
 -76.39699,  39.27641
 -76.39117,  39.27799
 -76.38580,  39.27858
 -76.38536,  39.27893
 -76.38525,  39.27858
 -76.37955,  39.27645
 -76.37476,  39.27855
 -76.37373,  39.28132
 -76.36792,  39.28174
 -76.36681,  39.27853
 -76.36794,  39.27562
 -76.36919,  39.27404
 -76.36877,  39.26954
 -76.37275,  39.26505
 -76.37380,  39.26418
 -76.37961,  39.26363
 -76.38542,  39.26225
 -76.39123,  39.26326
 -76.39703,  39.26399
 -76.40284,  39.26449
 -76.40865,  39.26349
 -76.41445,  39.26456
 -76.41599,  39.26516
 -76.42024,  39.26881
 -76.42274,  39.26517
 -76.42538,  39.26068
 -76.42097,  39.25618
 -76.42029,  39.25607
 -76.41469,  39.25166
 -76.41451,  39.25111
 -76.41260,  39.24716
 -76.40872,  39.24395
 -76.40697,  39.24265
 -76.40575,  39.23816
 -76.40295,  39.23412
 -76.39715,  39.23387
 -76.39134,  39.23414
 -76.38831,  39.23362
 -76.38555,  39.23189
 -76.37975,  39.23162
 -76.37835,  39.22910
 -76.37976,  39.22797
 -76.38557,  39.22770
 -76.39137,  39.22636
 -76.39718,  39.22659
 -76.40298,  39.22743
 -76.40494,  39.22916
 -76.40466,  39.23365
 -76.40876,  39.23461
 -76.41456,  39.23476
 -76.42036,  39.23559
 -76.42387,  39.23819
 -76.42598,  39.24269
 -76.42615,  39.24292
 -76.43041,  39.24720
 -76.43193,  39.24955
 -76.43302,  39.25170
 -76.43771,  39.25506
 -76.44070,  39.25622
 -76.44351,  39.25782
 -76.44543,  39.26072
 -76.44694,  39.26522
 -76.44753,  39.26972
 -76.44928,  39.27025
 -76.45084,  39.26972
 -76.45129,  39.26522
 -76.45377,  39.26073
 -76.45512,  39.25885
 -76.45721,  39.25625
 -76.46095,  39.25417
 -76.46243,  39.25175
 -76.46188,  39.24726
 -76.46097,  39.24551
 -76.45760,  39.24276
 -76.45763,  39.23826
 -76.46100,  39.23590
 -76.46681,  39.23456
 -76.47262,  39.23446
 -76.47842,  39.23546
 -76.48422,  39.23612
 -76.49003,  39.23656
 -76.49197,  39.23832
 -76.49194,  39.24281
 -76.49117,  39.24731
 -76.49198,  39.25181
 -76.48997,  39.25549
 -76.48939,  39.25630
 -76.48555,  39.26078
 -76.48996,  39.26175
 -76.49352,  39.26080
 -76.49577,  39.25898
 -76.50070,  39.26081
 -76.50158,  39.26094
 -76.50173,  39.26081
 -76.50332,  39.25632
 -76.50740,  39.25415
 -76.51321,  39.25250
 -76.51902,  39.25242
 -76.51995,  39.25185
 -76.52124,  39.24735
 -76.51904,  39.24408
 -76.51765,  39.24285
 -76.51678,  39.23835
 -76.51905,  39.23624
 -76.52414,  39.23386
 -76.52486,  39.23344
 -76.53067,  39.23111
 -76.53204,  39.22938
 -76.53649,  39.22493
 -76.53706,  39.22489
 -76.54230,  39.22441
 -76.54358,  39.22489
END
 -13.00000, -76.34407,  39.22900
 -76.34358,  39.23350
 -76.33910,  39.23494
 -76.33591,  39.23347
 -76.33443,  39.22898
 -76.33913,  39.22572
 -76.34407,  39.22900
END
 -13.00000, -76.47647,  39.26077
 -76.47835,  39.26155
 -76.48153,  39.26078
 -76.47835,  39.26009
 -76.47647,  39.26077
END
 -13.00000, -76.53968,  39.26985
 -76.54221,  39.27065
 -76.54575,  39.26986
 -76.54221,  39.26873
 -76.53968,  39.26985
END
 -13.00000, -76.52981,  39.26984
 -76.53059,  39.27224
 -76.53389,  39.26985
 -76.53059,  39.26933
 -76.52981,  39.26984
END
 -13.00000, -76.35137,  39.27848
 -76.35049,  39.28110
 -76.34797,  39.28297
 -76.34467,  39.28406
 -76.33885,  39.28560
 -76.33305,  39.28452
 -76.32724,  39.28404
 -76.32143,  39.28448
 -76.31563,  39.28395
 -76.30981,  39.28380
 -76.30811,  39.28286
 -76.30708,  39.27836
 -76.30985,  39.27645
 -76.31567,  39.27629
 -76.32147,  39.27588
 -76.32728,  39.27690
 -76.33308,  39.27695
 -76.33890,  39.27586
 -76.34470,  39.27710
 -76.35051,  39.27777
 -76.35137,  39.27848
END
 -13.00000, -76.69135,  39.28791
 -76.69183,  39.29241
 -76.68742,  39.29393
 -76.68416,  39.29691
 -76.68427,  39.30140
 -76.68161,  39.30402
 -76.67580,  39.30159
 -76.67573,  39.30140
 -76.67580,  39.30120
 -76.67860,  39.29691
 -76.68161,  39.29557
 -76.68615,  39.29241
 -76.68689,  39.28791
 -76.68742,  39.28740
 -76.69135,  39.28791
END
 -13.00000, -76.65347,  39.31039
 -76.65256,  39.31217
 -76.64674,  39.31047
 -76.64670,  39.31039
 -76.64674,  39.31017
 -76.65256,  39.30729
 -76.65347,  39.31039
END
 -13.00000, -76.31214,  39.30985
 -76.30966,  39.31394
 -76.30851,  39.31434
 -76.30419,  39.31882
 -76.30382,  39.31963
 -76.30019,  39.32330
 -76.29798,  39.32424
 -76.29215,  39.32735
 -76.28635,  39.32488
 -76.28551,  39.32325
 -76.28445,  39.31875
 -76.28189,  39.31425
 -76.28060,  39.31398
 -76.27480,  39.31168
 -76.26899,  39.31244
 -76.26667,  39.30970
 -76.26902,  39.30747
 -76.27483,  39.30812
 -76.28064,  39.30727
 -76.28407,  39.30976
 -76.28642,  39.31316
 -76.29224,  39.31216
 -76.29527,  39.30980
 -76.29807,  39.30774
 -76.30388,  39.30795
 -76.30970,  39.30697
 -76.31214,  39.30985
END
 -13.00000, -76.59978,  39.34185
 -76.60022,  39.34218
 -76.60243,  39.34185
 -76.60022,  39.34040
 -76.59978,  39.34185
END
 -13.00000, -76.35009,  39.34143
 -76.35022,  39.34151
 -76.35050,  39.34143
 -76.35022,  39.34075
 -76.35009,  39.34143
END
 -13.00000, -76.62691,  39.34636
 -76.62457,  39.35085
 -76.62706,  39.35535
 -76.62748,  39.35985
 -76.62828,  39.36435
 -76.62928,  39.36601
 -76.63078,  39.36435
 -76.63243,  39.35985
 -76.63420,  39.35536
 -76.63510,  39.35472
 -76.64091,  39.35231
 -76.64376,  39.35086
 -76.64252,  39.34636
 -76.64092,  39.34330
 -76.63510,  39.34514
 -76.62929,  39.34576
 -76.62691,  39.34636
END
 -13.00000, -76.61054,  39.34635
 -76.61032,  39.35085
 -76.61184,  39.35180
 -76.61430,  39.35085
 -76.61452,  39.34636
 -76.61185,  39.34387
 -76.61054,  39.34635
END
 -13.00000, -76.59917,  39.35983
 -76.60020,  39.36052
 -76.60097,  39.35984
 -76.60020,  39.35917
 -76.59917,  39.35983
END
 -13.00000, -76.24219,  39.36807
 -76.24066,  39.37256
 -76.23956,  39.37290
 -76.23802,  39.37255
 -76.23637,  39.36805
 -76.23959,  39.36688
 -76.24219,  39.36807
END
 -13.00000, -76.64127,  39.37784
 -76.64252,  39.38234
 -76.64672,  39.38630
 -76.64815,  39.38683
 -76.65253,  39.39093
 -76.65285,  39.39133
 -76.65253,  39.39148
 -76.64672,  39.39278
 -76.64112,  39.39582
 -76.64090,  39.39615
 -76.63935,  39.40032
 -76.63508,  39.40392
 -76.63259,  39.40482
 -76.62926,  39.40538
 -76.62804,  39.40482
 -76.62487,  39.40032
 -76.62661,  39.39582
 -76.62926,  39.39443
 -76.63506,  39.39132
 -76.63508,  39.39127
 -76.63739,  39.38683
 -76.63885,  39.38234
 -76.64014,  39.37784
 -76.64091,  39.37746
 -76.64127,  39.37784
END
 -13.00000, -76.64108,  39.43179
 -76.64088,  39.43185
 -76.64081,  39.43179
 -76.64088,  39.43147
 -76.64108,  39.43179
END
 -13.00000, -76.23593,  39.43999
 -76.23914,  39.44231
 -76.24064,  39.44001
 -76.23917,  39.43617
 -76.23593,  39.43999
END
 -13.00000, -76.17685,  39.43976
 -76.17509,  39.44048
 -76.16925,  39.44399
 -76.16344,  39.44251
 -76.15762,  39.44263
 -76.15179,  39.44287
 -76.14614,  39.43962
 -76.15183,  39.43721
 -76.15765,  39.43737
 -76.16348,  39.43745
 -76.16930,  39.43629
 -76.17511,  39.43871
 -76.17685,  39.43976
END
 -13.00000, -76.11481,  39.43948
 -76.11261,  39.44397
 -76.11102,  39.44479
 -76.10882,  39.44395
 -76.10557,  39.43944
 -76.11109,  39.43557
 -76.11481,  39.43948
END
 -13.00000, -76.55479,  39.45872
 -76.55351,  39.46099
 -76.54768,  39.46249
 -76.54691,  39.46321
 -76.54185,  39.46507
 -76.53603,  39.46613
 -76.53020,  39.46620
 -76.52686,  39.46768
 -76.52438,  39.47003
 -76.52153,  39.47217
 -76.52254,  39.47667
 -76.52435,  39.47904
 -76.53010,  39.47668
 -76.53018,  39.47665
 -76.53601,  39.47559
 -76.54184,  39.47407
 -76.54736,  39.47220
 -76.54767,  39.47175
 -76.55350,  39.46868
 -76.55466,  39.46771
 -76.55933,  39.46563
 -76.56275,  39.46323
 -76.56389,  39.45873
 -76.55934,  39.45668
 -76.55479,  39.45872
END
 -13.00000, -76.17280,  39.45773
 -76.17343,  39.46223
 -76.16911,  39.46443
 -76.16421,  39.46219
 -76.16537,  39.45770
 -76.16917,  39.45583
 -76.17280,  39.45773
END
 -13.00000, -76.19817,  39.46682
 -76.19651,  39.47131
 -76.19817,  39.47214
 -76.20044,  39.47132
 -76.19823,  39.46682
 -76.19821,  39.46681
 -76.19817,  39.46682
END
 -13.00000, -76.16230,  39.46667
 -76.16112,  39.47116
 -76.15739,  39.47341
 -76.15209,  39.47562
 -76.15155,  39.47574
 -76.14571,  39.47722
 -76.14139,  39.48007
 -76.14000,  39.48456
 -76.13983,  39.48466
 -76.13398,  39.48758
 -76.12816,  39.48740
 -76.12234,  39.48547
 -76.12003,  39.48447
 -76.11656,  39.48035
 -76.11073,  39.48044
 -76.10939,  39.47992
 -76.11074,  39.47952
 -76.11657,  39.47960
 -76.12025,  39.47548
 -76.12243,  39.47446
 -76.12827,  39.47263
 -76.13362,  39.47104
 -76.13411,  39.47055
 -76.13846,  39.46657
 -76.13998,  39.46571
 -76.14581,  39.46389
 -76.15163,  39.46382
 -76.15746,  39.46402
 -76.16230,  39.46667
END
 -13.00000, -76.60184,  39.47674
 -76.60365,  39.48124
 -76.60104,  39.48573
 -76.60042,  39.49023
 -76.60007,  39.49059
 -76.59933,  39.49023
 -76.59823,  39.48573
 -76.59612,  39.48124
 -76.59828,  39.47674
 -76.60009,  39.47578
 -76.60184,  39.47674
END
 -13.00000, -76.51842,  39.48116
 -76.51852,  39.48130
 -76.51958,  39.48117
 -76.51852,  39.48079
 -76.51842,  39.48116
END
 -13.00000, -76.10056,  39.47988
 -76.10076,  39.48438
 -76.09964,  39.48887
 -76.09901,  39.48932
 -76.09869,  39.48886
 -76.09322,  39.48540
 -76.08926,  39.48432
 -76.08740,  39.48384
 -76.08492,  39.47980
 -76.08746,  39.47618
 -76.09329,  39.47570
 -76.09909,  39.47931
 -76.10056,  39.47988
END
 -13.00000, -76.06371,  39.48419
 -76.06409,  39.48425
 -76.06991,  39.48589
 -76.07282,  39.48874
 -76.07198,  39.49323
 -76.06983,  39.49454
 -76.06400,  39.49598
 -76.05817,  39.49638
 -76.05234,  39.49662
 -76.04652,  39.49557
 -76.04384,  39.49308
 -76.04339,  39.48858
 -76.04662,  39.48470
 -76.04904,  39.48412
 -76.05245,  39.48327
 -76.05827,  39.48357
 -76.06371,  39.48419
END
 -13.00000, -76.54156,  39.49018
 -76.54181,  39.49031
 -76.54185,  39.49018
 -76.54181,  39.49011
 -76.54156,  39.49018
END
 -13.00000, -76.52954,  39.49916
 -76.53013,  39.50339
 -76.53197,  39.49916
 -76.53014,  39.49752
 -76.52954,  39.49916
END
 -13.00000, -76.04263,  39.52005
 -76.04044,  39.52334
 -76.03735,  39.52003
 -76.04049,  39.51751
 -76.04263,  39.52005
END
 -13.00000, -76.03394,  39.52900
 -76.02869,  39.53287
 -76.02576,  39.52896
 -76.02875,  39.52721
 -76.03394,  39.52900
END
 -13.00000, -76.38902,  39.54837
 -76.39008,  39.55031
 -76.39049,  39.54837
 -76.39009,  39.54800
 -76.38902,  39.54837
END
 -13.00000, -76.37116,  39.55282
 -76.37257,  39.55390
 -76.37507,  39.55733
 -76.37628,  39.56183
 -76.37836,  39.56380
 -76.38330,  39.56185
 -76.38378,  39.55735
 -76.38423,  39.55571
 -76.38565,  39.55286
 -76.38425,  39.55247
 -76.37842,  39.55127
 -76.37258,  39.55137
 -76.37116,  39.55282
END
 -13.00000, -76.09401,  39.55629
 -76.09545,  39.56079
 -76.09258,  39.56326
 -76.08673,  39.56444
 -76.08089,  39.56499
 -76.07850,  39.56520
 -76.07505,  39.56593
 -76.06922,  39.56560
 -76.06821,  39.56515
 -76.06461,  39.56064
 -76.06921,  39.55617
 -76.06931,  39.55613
 -76.07514,  39.55566
 -76.08098,  39.55501
 -76.08681,  39.55540
 -76.09264,  39.55577
 -76.09401,  39.55629
END
 -13.00000, -75.97060,  39.56012
 -75.97011,  39.56160
 -75.96962,  39.56011
 -75.97012,  39.55967
 -75.97060,  39.56012
END
 -13.00000, -76.38593,  39.57084
 -76.38999,  39.57286
 -76.39397,  39.57086
 -76.39002,  39.56659
 -76.38593,  39.57084
END
 -13.00000, -75.97043,  39.56911
 -75.97268,  39.57362
 -75.97581,  39.57496
 -75.98161,  39.57767
 -75.98261,  39.57817
 -75.98158,  39.58095
 -75.97945,  39.58265
 -75.97572,  39.58318
 -75.96988,  39.58455
 -75.96654,  39.58257
 -75.96568,  39.57807
 -75.96885,  39.57359
 -75.96969,  39.56910
 -75.97004,  39.56786
 -75.97043,  39.56911
END
 -13.00000, -76.31934,  39.57516
 -76.31845,  39.57965
 -76.31994,  39.58386
 -76.32166,  39.58416
 -76.32577,  39.58468
 -76.33160,  39.58450
 -76.33239,  39.58419
 -76.33419,  39.57970
 -76.33164,  39.57642
 -76.32826,  39.57519
 -76.32583,  39.57296
 -76.31999,  39.57335
 -76.31934,  39.57516
END
 -13.00000, -76.11791,  39.57888
 -76.11576,  39.58121
 -76.11484,  39.58337
 -76.10989,  39.58514
 -76.10407,  39.58356
 -76.10330,  39.58331
 -76.09827,  39.57978
 -76.09788,  39.57879
 -76.09828,  39.57838
 -76.10413,  39.57693
 -76.10998,  39.57523
 -76.11579,  39.57736
 -76.11791,  39.57888
END
 -13.00000, -76.16665,  39.58810
 -76.16788,  39.59260
 -76.16818,  39.59274
 -76.16877,  39.59260
 -76.17260,  39.58812
 -76.16823,  39.58707
 -76.16665,  39.58810
END
 -13.00000, -76.21014,  39.60626
 -76.21406,  39.61077
 -76.20889,  39.61435
 -76.20512,  39.61073
 -76.20814,  39.60625
 -76.20895,  39.60587
 -76.21014,  39.60626
END
 -13.00000, -76.34360,  39.61120
 -76.34315,  39.61176
 -76.33730,  39.61258
 -76.33573,  39.61118
 -76.33733,  39.60783
 -76.34315,  39.60992
 -76.34360,  39.61120
END
 -13.00000, -76.20435,  39.61972
 -76.20300,  39.62178
 -76.19717,  39.62185
 -76.19573,  39.61969
 -76.19719,  39.61750
 -76.20304,  39.61588
 -76.20435,  39.61972
END
 -12.00000, -76.52566,  39.29232
 -76.53055,  39.29425
 -76.53635,  39.29446
 -76.54014,  39.29683
 -76.54099,  39.30133
 -76.53634,  39.30246
 -76.53053,  39.30415
 -76.52634,  39.30581
 -76.52471,  39.30786
 -76.52060,  39.31030
 -76.52470,  39.31194
 -76.52757,  39.31480
 -76.53050,  39.31702
 -76.53632,  39.31609
 -76.53755,  39.31482
 -76.54214,  39.31134
 -76.54330,  39.31033
 -76.54561,  39.30584
 -76.54796,  39.30500
 -76.55377,  39.30551
 -76.55958,  39.30569
 -76.55998,  39.30585
 -76.56480,  39.31034
 -76.56538,  39.31161
 -76.56682,  39.31485
 -76.57118,  39.31847
 -76.57172,  39.31935
 -76.57118,  39.32084
 -76.56789,  39.32384
 -76.56536,  39.32660
 -76.56361,  39.32833
 -76.56210,  39.33283
 -76.55953,  39.33596
 -76.55889,  39.33732
 -76.55811,  39.34182
 -76.55952,  39.34290
 -76.56534,  39.34365
 -76.57114,  39.34519
 -76.57688,  39.34183
 -76.57697,  39.34164
 -76.57729,  39.34183
 -76.57697,  39.34204
 -76.57425,  39.34633
 -76.57461,  39.35083
 -76.57114,  39.35415
 -76.56850,  39.35532
 -76.56532,  39.35806
 -76.55949,  39.35927
 -76.55913,  39.35980
 -76.55949,  39.36104
 -76.56141,  39.36430
 -76.56114,  39.36879
 -76.56143,  39.37329
 -76.56082,  39.37779
 -76.55992,  39.38229
 -76.55946,  39.38259
 -76.55509,  39.38678
 -76.55378,  39.39127
 -76.55362,  39.39388
 -76.55348,  39.39577
 -76.55362,  39.39738
 -76.55407,  39.40027
 -76.55361,  39.40081
 -76.55045,  39.40476
 -76.54778,  39.40893
 -76.54754,  39.40925
 -76.54696,  39.41375
 -76.54195,  39.41614
 -76.53615,  39.41374
 -76.53613,  39.41373
 -76.53433,  39.40924
 -76.53032,  39.40757
 -76.52840,  39.40923
 -76.52769,  39.41373
 -76.53030,  39.41626
 -76.53534,  39.41823
 -76.53448,  39.42273
 -76.53149,  39.42722
 -76.53115,  39.43172
 -76.53027,  39.43516
 -76.52981,  39.43621
 -76.53027,  39.43752
 -76.53087,  39.44071
 -76.53026,  39.44120
 -76.52974,  39.44071
 -76.52444,  39.43764
 -76.51862,  39.43761
 -76.51394,  39.44069
 -76.51279,  39.44206
 -76.50948,  39.44518
 -76.50695,  39.44701
 -76.50113,  39.44745
 -76.49918,  39.44967
 -76.49719,  39.45415
 -76.49529,  39.45678
 -76.48946,  39.45806
 -76.48847,  39.45864
 -76.48722,  39.46313
 -76.48361,  39.46657
 -76.47950,  39.46762
 -76.47778,  39.46844
 -76.47578,  39.47210
 -76.47194,  39.47460
 -76.46611,  39.47623
 -76.46523,  39.47658
 -76.46190,  39.48108
 -76.46026,  39.48423
 -76.45443,  39.48496
 -76.44860,  39.48512
 -76.44759,  39.48554
 -76.44277,  39.48706
 -76.43694,  39.48832
 -76.43517,  39.49002
 -76.43110,  39.49410
 -76.42551,  39.49000
 -76.42529,  39.48981
 -76.41946,  39.48741
 -76.41725,  39.48998
 -76.41857,  39.49448
 -76.41943,  39.49598
 -76.42200,  39.49898
 -76.41942,  39.50151
 -76.41359,  39.50172
 -76.40776,  39.50109
 -76.40665,  39.49895
 -76.40195,  39.49615
 -76.39636,  39.49893
 -76.39612,  39.49933
 -76.39425,  39.50342
 -76.39026,  39.50568
 -76.38557,  39.50790
 -76.38442,  39.50962
 -76.38053,  39.51238
 -76.37857,  39.51353
 -76.37275,  39.51245
 -76.37148,  39.51236
 -76.36693,  39.51188
 -76.36111,  39.51041
 -76.35528,  39.50969
 -76.35299,  39.50781
 -76.34951,  39.50330
 -76.34948,  39.50320
 -76.34449,  39.49879
 -76.34367,  39.49863
 -76.33785,  39.49679
 -76.33202,  39.49721
 -76.32619,  39.49868
 -76.32589,  39.49874
 -76.32443,  39.50323
 -76.32616,  39.50496
 -76.33092,  39.50775
 -76.33009,  39.51224
 -76.32611,  39.51482
 -76.32377,  39.51672
 -76.32144,  39.52121
 -76.32025,  39.52198
 -76.31753,  39.52120
 -76.31443,  39.51990
 -76.30860,  39.51956
 -76.30408,  39.51667
 -76.30280,  39.51595
 -76.29698,  39.51261
 -76.29608,  39.51214
 -76.29699,  39.51128
 -76.29985,  39.50766
 -76.30284,  39.50692
 -76.30868,  39.50474
 -76.31279,  39.50320
 -76.31438,  39.49871
 -76.30873,  39.49493
 -76.30396,  39.49418
 -76.30291,  39.49396
 -76.29710,  39.49190
 -76.29582,  39.48966
 -76.29192,  39.48515
 -76.29131,  39.48424
 -76.28795,  39.48064
 -76.28635,  39.47614
 -76.28681,  39.47164
 -76.28556,  39.46959
 -76.28388,  39.46714
 -76.27975,  39.46617
 -76.27579,  39.46711
 -76.27392,  39.46822
 -76.26810,  39.46788
 -76.26228,  39.46732
 -76.26123,  39.46706
 -76.25646,  39.46611
 -76.25136,  39.46253
 -76.25094,  39.45803
 -76.25069,  39.45601
 -76.25026,  39.45353
 -76.25072,  39.45130
 -76.25655,  39.45196
 -76.26237,  39.45065
 -76.26495,  39.44909
 -76.26822,  39.44680
 -76.27037,  39.44461
 -76.27322,  39.44012
 -76.27409,  39.43943
 -76.27992,  39.43570
 -76.28574,  39.43646
 -76.29156,  39.43596
 -76.29186,  39.43568
 -76.29659,  39.43121
 -76.29530,  39.42670
 -76.29163,  39.42450
 -76.28581,  39.42410
 -76.27998,  39.42479
 -76.27417,  39.42381
 -76.26836,  39.42315
 -76.26705,  39.42212
 -76.26771,  39.41762
 -76.26839,  39.41719
 -76.27421,  39.41675
 -76.28004,  39.41543
 -76.28586,  39.41603
 -76.29168,  39.41551
 -76.29751,  39.41327
 -76.29762,  39.41322
 -76.30334,  39.41032
 -76.30597,  39.40875
 -76.30920,  39.40491
 -76.30968,  39.40427
 -76.31503,  39.40104
 -76.31783,  39.39980
 -76.32086,  39.39837
 -76.32669,  39.39732
 -76.33055,  39.39534
 -76.33252,  39.39468
 -76.33836,  39.39186
 -76.34161,  39.39087
 -76.33836,  39.38923
 -76.33475,  39.38636
 -76.33257,  39.38521
 -76.32677,  39.38227
 -76.32591,  39.38184
 -76.32448,  39.37733
 -76.32681,  39.37432
 -76.32896,  39.37285
 -76.33263,  39.37151
 -76.33845,  39.37141
 -76.34427,  39.37006
 -76.35010,  39.36879
 -76.35051,  39.36841
 -76.35593,  39.36508
 -76.35924,  39.36394
 -76.36176,  39.36310
 -76.36758,  39.36002
 -76.36991,  39.35947
 -76.37338,  39.35499
 -76.37342,  39.35494
 -76.37923,  39.35392
 -76.38506,  39.35074
 -76.38651,  39.35052
 -76.38664,  39.34603
 -76.38510,  39.34280
 -76.38457,  39.34152
 -76.38511,  39.33985
 -76.38606,  39.33703
 -76.39095,  39.33472
 -76.39493,  39.33255
 -76.39497,  39.32806
 -76.39474,  39.32356
 -76.39561,  39.31907
 -76.39682,  39.31816
 -76.40264,  39.31677
 -76.40845,  39.31656
 -76.41426,  39.31678
 -76.41909,  39.31462
 -76.42008,  39.31425
 -76.42359,  39.31013
 -76.42592,  39.30703
 -76.42828,  39.30565
 -76.43175,  39.30312
 -76.43755,  39.30446
 -76.44117,  39.30568
 -76.44336,  39.30621
 -76.44802,  39.31018
 -76.44915,  39.31091
 -76.45074,  39.31019
 -76.45498,  39.30646
 -76.45686,  39.30571
 -76.46080,  39.30416
 -76.46362,  39.30572
 -76.46659,  39.30981
 -76.46700,  39.31022
 -76.47240,  39.31166
 -76.47717,  39.31024
 -76.47822,  39.30921
 -76.48168,  39.30575
 -76.48405,  39.30295
 -76.48583,  39.30125
 -76.48987,  39.29798
 -76.49567,  39.29874
 -76.50149,  39.29903
 -76.50729,  39.30025
 -76.51311,  39.29704
 -76.51321,  39.29680
 -76.51893,  39.29262
 -76.52175,  39.29232
 -76.52474,  39.29182
 -76.52566,  39.29232
END
 -12.00000, -76.39614,  39.33705
 -76.39674,  39.33899
 -76.39906,  39.34156
 -76.40254,  39.34196
 -76.40836,  39.34285
 -76.41211,  39.34158
 -76.41216,  39.33709
 -76.40839,  39.33475
 -76.40257,  39.33528
 -76.39675,  39.33610
 -76.39614,  39.33705
END
 -12.00000, -76.58866,  39.37782
 -76.58855,  39.38139
 -76.58844,  39.37782
 -76.58855,  39.37778
 -76.58866,  39.37782
END
 -12.00000, -76.34679,  39.39088
 -76.34999,  39.39158
 -76.35278,  39.39090
 -76.35000,  39.38998
 -76.34679,  39.39088
END
 -12.00000, -76.31575,  39.43126
 -76.32069,  39.43257
 -76.32652,  39.43218
 -76.33234,  39.43185
 -76.33302,  39.43132
 -76.33236,  39.42826
 -76.32654,  39.42855
 -76.32072,  39.42795
 -76.31575,  39.43126
END
 -12.00000, -76.30770,  39.43124
 -76.30906,  39.43169
 -76.31191,  39.43126
 -76.30907,  39.43017
 -76.30770,  39.43124
END
 -12.00000, -76.30731,  39.45822
 -76.30864,  39.46272
 -76.30890,  39.46291
 -76.30965,  39.46272
 -76.31253,  39.45823
 -76.30893,  39.45646
 -76.30731,  39.45822
END
 -12.00000, -76.50307,  39.47664
 -76.50407,  39.48114
 -76.50104,  39.48375
 -76.49522,  39.48185
 -76.49433,  39.48113
 -76.49522,  39.47983
 -76.49761,  39.47663
 -76.50106,  39.47581
 -76.50307,  39.47664
END
 -12.00000, -76.47945,  39.49010
 -76.47772,  39.49052
 -76.47720,  39.49010
 -76.47772,  39.48924
 -76.47945,  39.49010
END
 -12.00000, -76.27511,  39.50758
 -76.27553,  39.51207
 -76.27366,  39.51492
 -76.26784,  39.51297
 -76.26744,  39.51204
 -76.26740,  39.50755
 -76.26788,  39.50646
 -76.27370,  39.50592
 -76.27511,  39.50758
END
 -12.00000, -76.30554,  39.52566
 -76.30518,  39.53016
 -76.30271,  39.53166
 -76.29688,  39.53175
 -76.29337,  39.53012
 -76.29269,  39.52562
 -76.29693,  39.52296
 -76.30276,  39.52325
 -76.30554,  39.52566
END
 -12.00000, -76.33329,  39.53024
 -76.33186,  39.53075
 -76.33074,  39.53023
 -76.33187,  39.52913
 -76.33329,  39.53024
END
END
