 -13.00000, -76.60358,  39.13951
 -76.60403,  39.14400
 -76.60501,  39.14851
 -76.60041,  39.14959
 -76.59986,  39.14850
 -76.59743,  39.14400
 -76.59667,  39.13951
 -76.60043,  39.13628
 -76.60358,  39.13951
END
 -13.00000, -76.66686,  39.14403
 -76.66862,  39.14852
 -76.66873,  39.15302
 -76.66453,  39.15752
 -76.66419,  39.15815
 -76.66060,  39.15752
 -76.65839,  39.15747
 -76.65298,  39.15302
 -76.65314,  39.14852
 -76.65445,  39.14402
 -76.65839,  39.14156
 -76.66419,  39.14234
 -76.66686,  39.14403
END
 -13.00000, -76.71635,  39.15751
 -76.71633,  39.16200
 -76.71059,  39.16632
 -76.70479,  39.16527
 -76.70255,  39.16201
 -76.70278,  39.15751
 -76.70478,  39.15469
 -76.71058,  39.15355
 -76.71635,  39.15751
END
 -13.00000, -76.69427,  39.16650
 -76.69673,  39.17100
 -76.69899,  39.17420
 -76.70479,  39.17505
 -76.71059,  39.17378
 -76.71490,  39.17549
 -76.71638,  39.17999
 -76.71639,  39.18010
 -76.71788,  39.18449
 -76.71640,  39.18737
 -76.71594,  39.18898
 -76.71640,  39.18950
 -76.72032,  39.19347
 -76.72221,  39.19547
 -76.72489,  39.19797
 -76.72548,  39.20247
 -76.72533,  39.20696
 -76.72632,  39.21146
 -76.72803,  39.21254
 -76.73383,  39.21341
 -76.73766,  39.21146
 -76.73962,  39.20751
 -76.74098,  39.21145
 -76.73963,  39.21288
 -76.73698,  39.21595
 -76.73746,  39.22045
 -76.73964,  39.22396
 -76.74117,  39.22494
 -76.74020,  39.22943
 -76.74090,  39.23393
 -76.73965,  39.23466
 -76.73385,  39.23800
 -76.72844,  39.23844
 -76.72804,  39.23871
 -76.72761,  39.24293
 -76.72737,  39.24743
 -76.72710,  39.25193
 -76.72773,  39.25643
 -76.72706,  39.26092
 -76.72807,  39.26411
 -76.73201,  39.26091
 -76.73019,  39.25642
 -76.73386,  39.25337
 -76.73439,  39.25192
 -76.73630,  39.24743
 -76.73966,  39.24523
 -76.74547,  39.24662
 -76.74717,  39.24742
 -76.75079,  39.25191
 -76.75128,  39.25251
 -76.75397,  39.25191
 -76.75709,  39.24961
 -76.75886,  39.25191
 -76.75709,  39.25282
 -76.75471,  39.25641
 -76.75463,  39.26090
 -76.75710,  39.26534
 -76.75800,  39.26540
 -76.76292,  39.26574
 -76.76872,  39.26553
 -76.77355,  39.26988
 -76.77454,  39.27237
 -76.77514,  39.27438
 -76.77596,  39.27887
 -76.77455,  39.28226
 -76.77367,  39.28337
 -76.76875,  39.28526
 -76.76585,  39.28337
 -76.76434,  39.27888
 -76.76293,  39.27640
 -76.75892,  39.27439
 -76.75712,  39.27328
 -76.75458,  39.26990
 -76.75436,  39.26540
 -76.75130,  39.26535
 -76.75126,  39.26540
 -76.74911,  39.26990
 -76.74866,  39.27440
 -76.74735,  39.27890
 -76.74561,  39.28339
 -76.74551,  39.28417
 -76.74451,  39.28789
 -76.74081,  39.29239
 -76.73971,  39.29281
 -76.73804,  39.29239
 -76.73537,  39.28790
 -76.73592,  39.28340
 -76.73537,  39.27890
 -76.73389,  39.27614
 -76.73033,  39.27441
 -76.73219,  39.26991
 -76.72807,  39.26669
 -76.72737,  39.26991
 -76.72781,  39.27441
 -76.72418,  39.27891
 -76.72227,  39.28172
 -76.72135,  39.28341
 -76.71848,  39.28791
 -76.71647,  39.29122
 -76.71609,  39.29240
 -76.71252,  39.29690
 -76.71066,  39.29910
 -76.71039,  39.30140
 -76.70947,  39.30589
 -76.70860,  39.31039
 -76.71050,  39.31489
 -76.71067,  39.31499
 -76.71493,  39.31938
 -76.71586,  39.32388
 -76.71558,  39.32837
 -76.71650,  39.33209
 -76.71754,  39.33287
 -76.72231,  39.33428
 -76.72326,  39.33287
 -76.72401,  39.32837
 -76.72775,  39.32387
 -76.72812,  39.32355
 -76.73094,  39.32387
 -76.73392,  39.32408
 -76.73736,  39.32837
 -76.73856,  39.33286
 -76.73975,  39.33371
 -76.74437,  39.33735
 -76.74435,  39.34184
 -76.73976,  39.34533
 -76.73421,  39.34185
 -76.73395,  39.34124
 -76.72864,  39.33736
 -76.72813,  39.33726
 -76.72781,  39.33736
 -76.72592,  39.34185
 -76.72232,  39.34545
 -76.71651,  39.34557
 -76.71069,  39.34447
 -76.70701,  39.34186
 -76.70512,  39.33737
 -76.70487,  39.33644
 -76.70367,  39.33287
 -76.70330,  39.32838
 -76.69905,  39.32516
 -76.69804,  39.32838
 -76.69785,  39.33287
 -76.69707,  39.33737
 -76.69583,  39.34187
 -76.69324,  39.34541
 -76.69246,  39.34636
 -76.68743,  39.35067
 -76.68733,  39.35086
 -76.68743,  39.35262
 -76.68796,  39.35536
 -76.68744,  39.35591
 -76.68568,  39.35986
 -76.68375,  39.36435
 -76.68163,  39.36630
 -76.67580,  39.36658
 -76.67237,  39.36435
 -76.67049,  39.35986
 -76.66999,  39.35957
 -76.66913,  39.35986
 -76.66555,  39.36435
 -76.66508,  39.36885
 -76.66418,  39.37129
 -76.66327,  39.37335
 -76.66151,  39.37784
 -76.66077,  39.38234
 -76.66261,  39.38684
 -76.66264,  39.39133
 -76.65836,  39.39423
 -76.65253,  39.39467
 -76.65106,  39.39133
 -76.65253,  39.38887
 -76.65328,  39.38683
 -76.65723,  39.38234
 -76.65657,  39.37784
 -76.65254,  39.37619
 -76.64672,  39.37679
 -76.64091,  39.37674
 -76.63768,  39.37784
 -76.63509,  39.37966
 -76.62927,  39.38147
 -76.62907,  39.38233
 -76.62754,  39.38683
 -76.62505,  39.39132
 -76.62344,  39.39368
 -76.61879,  39.39582
 -76.61762,  39.39628
 -76.61180,  39.39615
 -76.60599,  39.39859
 -76.60427,  39.40031
 -76.60016,  39.40456
 -76.59973,  39.40480
 -76.59705,  39.40929
 -76.59571,  39.41379
 -76.59433,  39.41618
 -76.58851,  39.41729
 -76.58269,  39.41624
 -76.57687,  39.41465
 -76.57500,  39.41378
 -76.57210,  39.40928
 -76.57106,  39.40825
 -76.56918,  39.40927
 -76.56523,  39.41313
 -76.56460,  39.41377
 -76.55941,  39.41598
 -76.55597,  39.41825
 -76.55376,  39.42275
 -76.55357,  39.42290
 -76.54775,  39.42404
 -76.54602,  39.42274
 -76.54510,  39.41824
 -76.54777,  39.41430
 -76.54899,  39.41375
 -76.54924,  39.40925
 -76.54778,  39.40842
 -76.54196,  39.40573
 -76.53614,  39.40913
 -76.53606,  39.40924
 -76.53360,  39.41373
 -76.53030,  39.41584
 -76.52800,  39.41822
 -76.52655,  39.42272
 -76.52447,  39.42480
 -76.51865,  39.42620
 -76.51283,  39.42636
 -76.50700,  39.42482
 -76.50489,  39.42269
 -76.50302,  39.41819
 -76.50121,  39.41679
 -76.49554,  39.41368
 -76.49539,  39.41353
 -76.49245,  39.40918
 -76.48959,  39.40659
 -76.48522,  39.40917
 -76.48376,  39.41094
 -76.47794,  39.41191
 -76.47396,  39.40915
 -76.47212,  39.40878
 -76.46780,  39.40914
 -76.46630,  39.40953
 -76.46548,  39.40914
 -76.46049,  39.40791
 -76.45749,  39.40912
 -76.45466,  39.41165
 -76.44971,  39.41361
 -76.44883,  39.41387
 -76.44793,  39.41360
 -76.44302,  39.40922
 -76.44279,  39.40910
 -76.44282,  39.40460
 -76.44304,  39.40447
 -76.44415,  39.40011
 -76.44306,  39.39760
 -76.43725,  39.39664
 -76.43590,  39.40009
 -76.43447,  39.40459
 -76.43140,  39.40553
 -76.42767,  39.40457
 -76.42558,  39.40342
 -76.42342,  39.40007
 -76.42039,  39.39557
 -76.41979,  39.39520
 -76.41811,  39.39556
 -76.41636,  39.40005
 -76.41557,  39.40454
 -76.41443,  39.40903
 -76.41393,  39.40984
 -76.40831,  39.41352
 -76.40809,  39.41362
 -76.40776,  39.41352
 -76.40393,  39.40902
 -76.40229,  39.40741
 -76.39788,  39.40450
 -76.39649,  39.40252
 -76.39566,  39.40001
 -76.39342,  39.39550
 -76.39310,  39.39100
 -76.39268,  39.38651
 -76.39322,  39.38202
 -76.39544,  39.37752
 -76.39659,  39.37679
 -76.40242,  39.37513
 -76.40643,  39.37305
 -76.40802,  39.36856
 -76.40826,  39.36833
 -76.41113,  39.36856
 -76.41407,  39.36905
 -76.41910,  39.37308
 -76.41988,  39.37323
 -76.42005,  39.37308
 -76.42117,  39.36858
 -76.41990,  39.36601
 -76.41615,  39.36408
 -76.41546,  39.35958
 -76.41428,  39.35508
 -76.41412,  39.35461
 -76.40945,  39.35057
 -76.40834,  39.34612
 -76.40833,  39.34607
 -76.40253,  39.34353
 -76.39673,  39.34296
 -76.39091,  39.34383
 -76.38764,  39.34153
 -76.38890,  39.33704
 -76.39094,  39.33600
 -76.39568,  39.33705
 -76.39674,  39.33844
 -76.39897,  39.33706
 -76.40257,  39.33632
 -76.40453,  39.33258
 -76.40456,  39.32808
 -76.40392,  39.32358
 -76.40430,  39.31909
 -76.40513,  39.31459
 -76.40658,  39.31010
 -76.40849,  39.30704
 -76.41429,  39.30845
 -76.41544,  39.31012
 -76.42009,  39.31299
 -76.42392,  39.31014
 -76.42592,  39.30743
 -76.43041,  39.30565
 -76.43174,  39.30519
 -76.43633,  39.30567
 -76.43755,  39.30584
 -76.43816,  39.30567
 -76.44336,  39.30447
 -76.44918,  39.30349
 -76.45248,  39.30120
 -76.45082,  39.29670
 -76.44920,  39.29632
 -76.44370,  39.29219
 -76.44341,  39.29076
 -76.44160,  39.28769
 -76.43762,  39.28390
 -76.43665,  39.28318
 -76.43560,  39.27869
 -76.43727,  39.27419
 -76.43741,  39.26970
 -76.43767,  39.26926
 -76.44349,  39.26649
 -76.44686,  39.26522
 -76.44930,  39.26492
 -76.45512,  39.26237
 -76.46092,  39.26294
 -76.46636,  39.26525
 -76.46670,  39.26975
 -76.46671,  39.26979
 -76.47252,  39.26989
 -76.47256,  39.26976
 -76.47252,  39.26960
 -76.46716,  39.26525
 -76.47227,  39.26077
 -76.47098,  39.25627
 -76.47256,  39.25402
 -76.47385,  39.25178
 -76.47597,  39.24729
 -76.47839,  39.24544
 -76.48420,  39.24331
 -76.48647,  39.24280
 -76.49001,  39.24173
 -76.49227,  39.23832
 -76.49427,  39.23382
 -76.49584,  39.23178
 -76.49872,  39.22933
 -76.49965,  39.22484
 -76.50167,  39.22248
 -76.50307,  39.22035
 -76.50643,  39.21585
 -76.50749,  39.21565
 -76.51330,  39.21430
 -76.51653,  39.21137
 -76.51911,  39.20706
 -76.52492,  39.20692
 -76.52502,  39.20689
 -76.53072,  39.20553
 -76.53653,  39.20471
 -76.54234,  39.20364
 -76.54470,  39.20241
 -76.54616,  39.19792
 -76.54235,  39.19551
 -76.53654,  39.19456
 -76.53349,  39.19341
 -76.53170,  39.18891
 -76.53491,  39.18442
 -76.53658,  39.18052
 -76.53747,  39.17992
 -76.53767,  39.17543
 -76.53658,  39.17444
 -76.53463,  39.17093
 -76.53660,  39.16910
 -76.54177,  39.16644
 -76.54240,  39.16628
 -76.54820,  39.16525
 -76.55400,  39.16414
 -76.55981,  39.16385
 -76.56561,  39.16423
 -76.57140,  39.16510
 -76.57720,  39.16417
 -76.58300,  39.16346
 -76.58880,  39.16342
 -76.59460,  39.16302
 -76.60040,  39.16427
 -76.60620,  39.16416
 -76.61200,  39.16431
 -76.61780,  39.16402
 -76.62360,  39.16562
 -76.62460,  39.16650
 -76.62795,  39.17100
 -76.62939,  39.17148
 -76.63109,  39.17100
 -76.63519,  39.16774
 -76.64097,  39.16650
 -76.64099,  39.16649
 -76.64679,  39.16351
 -76.65260,  39.16319
 -76.65839,  39.16383
 -76.66419,  39.16406
 -76.66999,  39.16430
 -76.67579,  39.16357
 -76.68159,  39.16388
 -76.68739,  39.16397
 -76.69319,  39.16560
 -76.69427,  39.16650
END
 -13.00000, -76.50747,  39.16639
 -76.50761,  39.16646
 -76.51340,  39.16955
 -76.51550,  39.17090
 -76.51339,  39.17159
 -76.50759,  39.17296
 -76.50179,  39.17401
 -76.49599,  39.17149
 -76.49541,  39.17088
 -76.49599,  39.16975
 -76.49926,  39.16638
 -76.50181,  39.16560
 -76.50747,  39.16639
END
 -13.00000, -76.54650,  39.17543
 -76.54321,  39.17993
 -76.54555,  39.18443
 -76.54816,  39.18688
 -76.55397,  39.18562
 -76.55759,  39.18444
 -76.55977,  39.18401
 -76.56470,  39.17995
 -76.55978,  39.17649
 -76.55399,  39.17607
 -76.55075,  39.17544
 -76.54819,  39.17504
 -76.54650,  39.17543
END
 -13.00000, -76.69892,  39.18000
 -76.69900,  39.18061
 -76.69951,  39.18000
 -76.69899,  39.17935
 -76.69892,  39.18000
END
 -13.00000, -76.68155,  39.18000
 -76.68159,  39.18004
 -76.68162,  39.18000
 -76.68159,  39.17992
 -76.68155,  39.18000
END
 -13.00000, -76.69686,  39.18899
 -76.69713,  39.19348
 -76.69759,  39.19798
 -76.69901,  39.19907
 -76.69997,  39.19798
 -76.70055,  39.19348
 -76.70287,  39.18899
 -76.69900,  39.18584
 -76.69686,  39.18899
END
 -13.00000, -76.45720,  39.27873
 -76.45834,  39.28322
 -76.46085,  39.28726
 -76.46273,  39.28323
 -76.46456,  39.27874
 -76.46088,  39.27712
 -76.45720,  39.27873
END
 -13.00000, -76.75249,  39.31487
 -76.75497,  39.31936
 -76.75340,  39.32386
 -76.75137,  39.32526
 -76.74704,  39.32386
 -76.74555,  39.32222
 -76.74460,  39.31937
 -76.74554,  39.31710
 -76.74896,  39.31487
 -76.75135,  39.31347
 -76.75249,  39.31487
END
 -13.00000, -76.69852,  39.31939
 -76.69905,  39.32268
 -76.70244,  39.31939
 -76.69905,  39.31868
 -76.69852,  39.31939
END
 -13.00000, -76.42683,  39.32813
 -76.42738,  39.33263
 -76.43164,  39.33432
 -76.43746,  39.33278
 -76.43798,  39.33265
 -76.44096,  39.32816
 -76.43748,  39.32698
 -76.43167,  39.32577
 -76.42683,  39.32813
END
 -13.00000, -76.37531,  39.37747
 -76.37568,  39.38197
 -76.37330,  39.38276
 -76.36748,  39.38441
 -76.36318,  39.38643
 -76.36163,  39.38937
 -76.35583,  39.38780
 -76.35319,  39.38641
 -76.35001,  39.38581
 -76.34421,  39.38350
 -76.34173,  39.38188
 -76.34246,  39.37738
 -76.34425,  39.37627
 -76.35007,  39.37416
 -76.35589,  39.37359
 -76.36170,  39.37440
 -76.36752,  39.37507
 -76.37333,  39.37665
 -76.37531,  39.37747
END
 -13.00000, -76.40776,  39.38654
 -76.40668,  39.39103
 -76.40816,  39.39339
 -76.41399,  39.39370
 -76.41536,  39.39106
 -76.41400,  39.38878
 -76.40999,  39.38655
 -76.40820,  39.38585
 -76.40776,  39.38654
END
 -13.00000, -76.32332,  39.39981
 -76.32084,  39.40313
 -76.31559,  39.39979
 -76.32087,  39.39689
 -76.32332,  39.39981
END
 -13.00000, -76.48131,  39.42715
 -76.48371,  39.42954
 -76.48433,  39.43165
 -76.48370,  39.43245
 -76.47787,  39.43373
 -76.47598,  39.43164
 -76.47697,  39.42715
 -76.47790,  39.42641
 -76.48131,  39.42715
END
 -13.00000, -76.44973,  39.46757
 -76.45029,  39.47206
 -76.44865,  39.47282
 -76.44772,  39.47206
 -76.44808,  39.46756
 -76.44866,  39.46712
 -76.44973,  39.46757
END
 -12.00000, -76.67078,  39.18000
 -76.67015,  39.18450
 -76.67093,  39.18900
 -76.66999,  39.19206
 -76.66908,  39.18900
 -76.66963,  39.18450
 -76.66807,  39.18000
 -76.66999,  39.17889
 -76.67078,  39.18000
END
 -12.00000, -76.65545,  39.18000
 -76.65259,  39.18214
 -76.64679,  39.18239
 -76.64098,  39.18172
 -76.63629,  39.18449
 -76.63519,  39.18556
 -76.63253,  39.18899
 -76.63519,  39.18982
 -76.64098,  39.19326
 -76.64626,  39.19348
 -76.64678,  39.19349
 -76.65259,  39.19387
 -76.65839,  39.19400
 -76.66419,  39.19434
 -76.66687,  39.19799
 -76.66972,  39.20248
 -76.66999,  39.20259
 -76.67227,  39.20248
 -76.67580,  39.20178
 -76.67705,  39.20248
 -76.68159,  39.20391
 -76.68740,  39.20441
 -76.69320,  39.20538
 -76.69901,  39.20675
 -76.69960,  39.20697
 -76.70247,  39.21147
 -76.70397,  39.21596
 -76.70481,  39.21749
 -76.70612,  39.22046
 -76.70786,  39.22496
 -76.70942,  39.22945
 -76.71048,  39.23395
 -76.71062,  39.23413
 -76.71479,  39.23845
 -76.71513,  39.24294
 -76.71478,  39.24744
 -76.71536,  39.25193
 -76.71645,  39.25494
 -76.71696,  39.25643
 -76.71645,  39.25970
 -76.71636,  39.26092
 -76.71645,  39.26238
 -76.71691,  39.26542
 -76.71645,  39.26667
 -76.71466,  39.26992
 -76.71065,  39.27327
 -76.70858,  39.27442
 -76.70589,  39.27892
 -76.70484,  39.28075
 -76.70343,  39.28341
 -76.69904,  39.28675
 -76.69807,  39.28791
 -76.69771,  39.29241
 -76.69901,  39.29690
 -76.69820,  39.30140
 -76.69661,  39.30590
 -76.69440,  39.31039
 -76.69324,  39.31221
 -76.69123,  39.31489
 -76.68823,  39.31939
 -76.68742,  39.32080
 -76.68598,  39.32388
 -76.68356,  39.32838
 -76.68173,  39.33288
 -76.68162,  39.33300
 -76.67580,  39.33402
 -76.66999,  39.33416
 -76.66764,  39.33288
 -76.66431,  39.32838
 -76.66418,  39.32827
 -76.65836,  39.32716
 -76.65672,  39.32838
 -76.65505,  39.33288
 -76.65255,  39.33605
 -76.65113,  39.33737
 -76.64783,  39.34187
 -76.64674,  39.34423
 -76.64575,  39.34636
 -76.64258,  39.35086
 -76.64137,  39.35536
 -76.64246,  39.35986
 -76.64091,  39.36203
 -76.63509,  39.36093
 -76.63288,  39.35985
 -76.63332,  39.35536
 -76.63403,  39.35086
 -76.62929,  39.34970
 -76.62673,  39.35086
 -76.62347,  39.35363
 -76.61948,  39.35535
 -76.61765,  39.35589
 -76.61362,  39.35984
 -76.61183,  39.36177
 -76.60755,  39.36433
 -76.60601,  39.36578
 -76.60242,  39.36883
 -76.60019,  39.37107
 -76.59878,  39.36882
 -76.59637,  39.36433
 -76.59438,  39.36234
 -76.59196,  39.35983
 -76.58858,  39.35872
 -76.58739,  39.35983
 -76.58552,  39.36432
 -76.58275,  39.36870
 -76.58263,  39.36882
 -76.57693,  39.37296
 -76.57616,  39.37331
 -76.57111,  39.37437
 -76.56657,  39.37780
 -76.56528,  39.37971
 -76.56342,  39.38229
 -76.55946,  39.38520
 -76.55363,  39.38570
 -76.54782,  39.38407
 -76.54659,  39.38227
 -76.54540,  39.37778
 -76.54202,  39.37548
 -76.53620,  39.37620
 -76.53038,  39.37703
 -76.52853,  39.37776
 -76.52456,  39.38165
 -76.52367,  39.38225
 -76.51873,  39.38419
 -76.51292,  39.38282
 -76.50956,  39.38223
 -76.50710,  39.38140
 -76.50412,  39.37772
 -76.50130,  39.37580
 -76.49661,  39.37322
 -76.49682,  39.36872
 -76.49680,  39.36423
 -76.49552,  39.36183
 -76.49420,  39.35973
 -76.48972,  39.35683
 -76.48656,  39.35971
 -76.48388,  39.36391
 -76.48354,  39.36420
 -76.48016,  39.36869
 -76.47857,  39.37319
 -76.47804,  39.37353
 -76.47221,  39.37558
 -76.46640,  39.37453
 -76.46471,  39.37317
 -76.46346,  39.36866
 -76.46387,  39.36417
 -76.46564,  39.35968
 -76.46634,  39.35519
 -76.46558,  39.35069
 -76.46648,  39.34789
 -76.46738,  39.34620
 -76.46918,  39.34170
 -76.47107,  39.33720
 -76.47233,  39.33519
 -76.47316,  39.33271
 -76.47358,  39.32822
 -76.47401,  39.32372
 -76.47475,  39.31923
 -76.47523,  39.31473
 -76.47571,  39.31023
 -76.47823,  39.30643
 -76.47899,  39.30574
 -76.48405,  39.30212
 -76.48663,  39.30126
 -76.48816,  39.29676
 -76.48575,  39.29227
 -76.48627,  39.28777
 -76.48991,  39.28407
 -76.49103,  39.28328
 -76.49265,  39.27879
 -76.49574,  39.27460
 -76.49590,  39.27430
 -76.50156,  39.27026
 -76.50185,  39.26981
 -76.50298,  39.26531
 -76.50739,  39.26223
 -76.50950,  39.26082
 -76.51320,  39.25872
 -76.51569,  39.25634
 -76.51901,  39.25511
 -76.52482,  39.25394
 -76.53063,  39.25236
 -76.53094,  39.25186
 -76.53135,  39.24736
 -76.53645,  39.24305
 -76.53716,  39.24287
 -76.54227,  39.24094
 -76.54554,  39.23839
 -76.54227,  39.23503
 -76.53932,  39.23388
 -76.53672,  39.22938
 -76.54229,  39.22700
 -76.54663,  39.22490
 -76.54810,  39.22140
 -76.54839,  39.22041
 -76.55392,  39.21675
 -76.55536,  39.21591
 -76.55972,  39.21423
 -76.56483,  39.21143
 -76.56553,  39.21081
 -76.57133,  39.20877
 -76.57714,  39.20963
 -76.58045,  39.20694
 -76.58295,  39.20360
 -76.58377,  39.20245
 -76.58706,  39.19796
 -76.58876,  39.19675
 -76.59457,  39.19386
 -76.59658,  39.19346
 -76.60037,  39.19273
 -76.60617,  39.19054
 -76.61108,  39.18898
 -76.61198,  39.18867
 -76.61778,  39.18668
 -76.62302,  39.18449
 -76.62358,  39.18421
 -76.62680,  39.17999
 -76.62939,  39.17810
 -76.63445,  39.18000
 -76.63519,  39.18253
 -76.63710,  39.18000
 -76.64099,  39.17913
 -76.64679,  39.17807
 -76.65259,  39.17796
 -76.65545,  39.18000
END
 -12.00000, -76.44930,  39.36864
 -76.44897,  39.36895
 -76.44846,  39.36864
 -76.44897,  39.36850
 -76.44930,  39.36864
END
 -12.00000, -76.49535,  39.37771
 -76.49441,  39.38221
 -76.48965,  39.38456
 -76.48502,  39.38219
 -76.48457,  39.37769
 -76.48967,  39.37557
 -76.49535,  39.37771
END
 -11.00000, -76.62910,  39.23845
 -76.62935,  39.23907
 -76.63349,  39.24294
 -76.63515,  39.24382
 -76.64096,  39.24545
 -76.64677,  39.24653
 -76.64950,  39.24745
 -76.65257,  39.24984
 -76.65343,  39.25194
 -76.65257,  39.25423
 -76.65127,  39.25644
 -76.65110,  39.26093
 -76.65191,  39.26543
 -76.65257,  39.26633
 -76.65379,  39.26992
 -76.65257,  39.27152
 -76.64803,  39.27442
 -76.64676,  39.27563
 -76.64417,  39.27892
 -76.64095,  39.28289
 -76.63514,  39.28217
 -76.63214,  39.28341
 -76.62933,  39.28455
 -76.62711,  39.28791
 -76.62475,  39.29240
 -76.62351,  39.29364
 -76.61919,  39.29689
 -76.61770,  39.29820
 -76.61613,  39.30139
 -76.61188,  39.30492
 -76.60607,  39.30549
 -76.60026,  39.30447
 -76.59445,  39.30370
 -76.58864,  39.30462
 -76.58657,  39.30587
 -76.58446,  39.31036
 -76.58282,  39.31255
 -76.57700,  39.31271
 -76.57435,  39.31036
 -76.57209,  39.30586
 -76.57121,  39.30455
 -76.56946,  39.30136
 -76.56976,  39.29686
 -76.57122,  39.29438
 -76.57217,  39.29237
 -76.57351,  39.28788
 -76.57704,  39.28567
 -76.58286,  39.28370
 -76.58360,  39.28338
 -76.58720,  39.27889
 -76.58732,  39.27439
 -76.58455,  39.26989
 -76.58868,  39.26844
 -76.59449,  39.26602
 -76.59481,  39.26541
 -76.60030,  39.26124
 -76.60094,  39.26091
 -76.60341,  39.25642
 -76.60364,  39.25192
 -76.60444,  39.24743
 -76.60612,  39.24412
 -76.60675,  39.24293
 -76.60956,  39.23844
 -76.61194,  39.23677
 -76.61774,  39.23420
 -76.62355,  39.23428
 -76.62910,  39.23845
END
END
