 -13.00000, -74.73360,  39.78911
 -74.73298,  39.79158
 -74.72718,  39.78960
 -74.72694,  39.78900
 -74.72721,  39.78831
 -74.73306,  39.78836
 -74.73360,  39.78911
END
 -13.00000, -74.93655,  39.83724
 -74.93668,  39.83728
 -74.94173,  39.84180
 -74.93698,  39.84624
 -74.93645,  39.84681
 -74.93388,  39.85069
 -74.93044,  39.85290
 -74.92847,  39.85061
 -74.92830,  39.84611
 -74.92825,  39.84161
 -74.93013,  39.83714
 -74.93085,  39.83659
 -74.93655,  39.83724
END
 -13.00000, -74.80260,  39.83969
 -74.80190,  39.84036
 -74.80086,  39.83966
 -74.80193,  39.83912
 -74.80260,  39.83969
END
 -13.00000, -74.39050,  39.89092
 -74.39022,  39.89154
 -74.38940,  39.89090
 -74.39026,  39.89051
 -74.39050,  39.89092
END
END
