 -13.00000, -75.70429,  39.19849
 -75.70140,  39.20297
 -75.70094,  39.20308
 -75.70071,  39.20296
 -75.69976,  39.19846
 -75.70102,  39.19765
 -75.70429,  39.19849
END
 -13.00000, -75.73161,  39.20771
 -75.73155,  39.21221
 -75.72982,  39.21321
 -75.72800,  39.21218
 -75.72773,  39.20768
 -75.72991,  39.20664
 -75.73161,  39.20771
END
 -13.00000, -75.93978,  39.21819
 -75.94086,  39.22269
 -75.93864,  39.22395
 -75.93697,  39.22717
 -75.93690,  39.23166
 -75.93489,  39.23615
 -75.93266,  39.24037
 -75.93147,  39.24062
 -75.92685,  39.24118
 -75.92104,  39.24199
 -75.91524,  39.24121
 -75.90942,  39.24292
 -75.90576,  39.24045
 -75.90367,  39.23741
 -75.89851,  39.23591
 -75.89788,  39.23578
 -75.89209,  39.23433
 -75.88982,  39.23585
 -75.88667,  39.24033
 -75.88712,  39.24483
 -75.88612,  39.24857
 -75.88593,  39.24932
 -75.88611,  39.25019
 -75.88738,  39.25383
 -75.88762,  39.25832
 -75.88826,  39.26282
 -75.88973,  39.26733
 -75.89137,  39.27184
 -75.89168,  39.27200
 -75.89352,  39.27635
 -75.89603,  39.28086
 -75.89737,  39.28196
 -75.90212,  39.28540
 -75.90314,  39.28617
 -75.90527,  39.28991
 -75.90889,  39.29145
 -75.91470,  39.29166
 -75.92050,  39.29215
 -75.92632,  39.29116
 -75.93212,  39.29195
 -75.93391,  39.29010
 -75.93527,  39.28561
 -75.93803,  39.28219
 -75.94081,  39.28115
 -75.94387,  39.27941
 -75.94579,  39.28118
 -75.94965,  39.28213
 -75.95254,  39.28122
 -75.95549,  39.27930
 -75.96132,  39.27798
 -75.96711,  39.27950
 -75.97292,  39.27921
 -75.97874,  39.27776
 -75.98454,  39.27848
 -75.99034,  39.27985
 -75.99615,  39.27973
 -76.00154,  39.28151
 -76.00195,  39.28159
 -76.00774,  39.28353
 -76.01353,  39.28424
 -76.01933,  39.28542
 -76.02392,  39.28613
 -76.02514,  39.28628
 -76.02802,  39.28616
 -76.03095,  39.28596
 -76.03220,  39.28618
 -76.03675,  39.28675
 -76.04256,  39.28714
 -76.04836,  39.28801
 -76.05418,  39.28719
 -76.05999,  39.28656
 -76.06023,  39.28633
 -76.06583,  39.28393
 -76.07164,  39.28341
 -76.07745,  39.28291
 -76.08212,  39.28194
 -76.08327,  39.28131
 -76.08621,  39.27747
 -76.08913,  39.27557
 -76.09494,  39.27586
 -76.10075,  39.27541
 -76.10658,  39.27335
 -76.11238,  39.27320
 -76.11819,  39.27365
 -76.12399,  39.27418
 -76.12979,  39.27573
 -76.13366,  39.27320
 -76.13547,  39.26871
 -76.13565,  39.26843
 -76.14149,  39.26496
 -76.14730,  39.26471
 -76.15311,  39.26468
 -76.15891,  39.26497
 -76.16471,  39.26597
 -76.17052,  39.26671
 -76.17633,  39.26560
 -76.18214,  39.26546
 -76.18793,  39.26867
 -76.18838,  39.26894
 -76.18792,  39.26997
 -76.18686,  39.27343
 -76.18207,  39.27553
 -76.17625,  39.27756
 -76.17583,  39.27788
 -76.17284,  39.28236
 -76.17039,  39.28373
 -76.16577,  39.28683
 -76.16537,  39.29132
 -76.17032,  39.29443
 -76.17467,  39.29586
 -76.17611,  39.29703
 -76.18058,  39.30038
 -76.18188,  39.30185
 -76.18739,  39.30490
 -76.18768,  39.30499
 -76.19347,  39.30749
 -76.19508,  39.30943
 -76.19344,  39.31194
 -76.19013,  39.31391
 -76.18761,  39.31464
 -76.18179,  39.31492
 -76.17597,  39.31654
 -76.17367,  39.31834
 -76.17080,  39.32282
 -76.17011,  39.32323
 -76.16550,  39.32730
 -76.16698,  39.33180
 -76.17004,  39.33280
 -76.17587,  39.33229
 -76.18166,  39.33413
 -76.18747,  39.33498
 -76.19199,  39.33640
 -76.19327,  39.33693
 -76.19684,  39.34092
 -76.19904,  39.34301
 -76.20486,  39.34333
 -76.20637,  39.34095
 -76.21071,  39.33701
 -76.21143,  39.33648
 -76.21654,  39.33540
 -76.22235,  39.33476
 -76.22816,  39.33498
 -76.23397,  39.33649
 -76.23418,  39.33656
 -76.23820,  39.34108
 -76.23392,  39.34377
 -76.22810,  39.34473
 -76.22229,  39.34496
 -76.21648,  39.34499
 -76.21066,  39.34432
 -76.20758,  39.34546
 -76.20708,  39.34995
 -76.21061,  39.35236
 -76.21642,  39.35270
 -76.22223,  39.35360
 -76.22476,  39.35452
 -76.22802,  39.35764
 -76.22953,  39.35903
 -76.23382,  39.36123
 -76.23683,  39.36355
 -76.23961,  39.36484
 -76.24387,  39.36807
 -76.24358,  39.37257
 -76.23955,  39.37503
 -76.23372,  39.37623
 -76.22791,  39.37630
 -76.22209,  39.37613
 -76.21628,  39.37550
 -76.21048,  39.37262
 -76.20647,  39.37693
 -76.20773,  39.38143
 -76.21041,  39.38294
 -76.21623,  39.38221
 -76.22205,  39.38277
 -76.22787,  39.38271
 -76.23368,  39.38287
 -76.23949,  39.38471
 -76.24277,  39.38606
 -76.24528,  39.38897
 -76.24721,  39.39057
 -76.24688,  39.39507
 -76.24677,  39.39956
 -76.24521,  39.40070
 -76.24008,  39.40403
 -76.23936,  39.40425
 -76.23372,  39.40850
 -76.23352,  39.40894
 -76.22993,  39.41299
 -76.22767,  39.41401
 -76.22184,  39.41545
 -76.21603,  39.41362
 -76.21535,  39.41293
 -76.21265,  39.40842
 -76.21025,  39.40732
 -76.20783,  39.40841
 -76.20440,  39.41153
 -76.19962,  39.41287
 -76.19855,  39.41558
 -76.19820,  39.41736
 -76.19854,  39.41836
 -76.20435,  39.41981
 -76.20660,  39.42189
 -76.21014,  39.42302
 -76.21597,  39.42311
 -76.22177,  39.42582
 -76.22365,  39.42646
 -76.22756,  39.43022
 -76.23338,  39.43090
 -76.23345,  39.43099
 -76.23919,  39.43291
 -76.24502,  39.43198
 -76.25083,  39.43332
 -76.25665,  39.43321
 -76.26247,  39.43364
 -76.26830,  39.43365
 -76.27412,  39.43345
 -76.27673,  39.43114
 -76.27998,  39.42694
 -76.28225,  39.43116
 -76.27993,  39.43439
 -76.27795,  39.43564
 -76.27766,  39.44014
 -76.27988,  39.44326
 -76.28571,  39.44391
 -76.29152,  39.44444
 -76.29735,  39.44429
 -76.29758,  39.44470
 -76.29984,  39.44920
 -76.29730,  39.45201
 -76.29651,  39.45369
 -76.29147,  39.45551
 -76.28564,  39.45569
 -76.27982,  39.45514
 -76.27399,  39.45570
 -76.26817,  39.45568
 -76.26283,  39.45358
 -76.26237,  39.45125
 -76.26033,  39.44907
 -76.25656,  39.44859
 -76.25075,  39.44678
 -76.24492,  39.44804
 -76.23911,  39.44701
 -76.23328,  39.44645
 -76.22747,  39.44482
 -76.22165,  39.44463
 -76.21581,  39.44682
 -76.20998,  39.44844
 -76.20842,  39.44888
 -76.20973,  39.45338
 -76.20940,  39.45787
 -76.20869,  39.46237
 -76.20405,  39.46493
 -76.19822,  39.46590
 -76.19238,  39.46679
 -76.19231,  39.46680
 -76.18655,  39.46814
 -76.18073,  39.46716
 -76.17490,  39.46853
 -76.16908,  39.46803
 -76.16685,  39.47119
 -76.16321,  39.47452
 -76.15737,  39.47554
 -76.15365,  39.47562
 -76.15163,  39.48012
 -76.15149,  39.48320
 -76.15112,  39.48011
 -76.15112,  39.47562
 -76.15156,  39.47484
 -76.15194,  39.47113
 -76.15159,  39.47052
 -76.14576,  39.47081
 -76.14524,  39.47110
 -76.13992,  39.47316
 -76.13410,  39.47195
 -76.12827,  39.47358
 -76.12686,  39.47551
 -76.12695,  39.48000
 -76.12820,  39.48117
 -76.13403,  39.48226
 -76.13799,  39.48455
 -76.13982,  39.48597
 -76.14565,  39.48519
 -76.15148,  39.48471
 -76.15413,  39.48912
 -76.15726,  39.49135
 -76.16308,  39.49281
 -76.16525,  39.49366
 -76.16889,  39.49449
 -76.17472,  39.49397
 -76.18054,  39.49444
 -76.18636,  39.49604
 -76.19139,  39.49827
 -76.19217,  39.49903
 -76.19436,  39.50278
 -76.19796,  39.50411
 -76.20379,  39.50398
 -76.20961,  39.50427
 -76.21544,  39.50445
 -76.22126,  39.50561
 -76.22386,  39.50739
 -76.22427,  39.51189
 -76.22121,  39.51425
 -76.21725,  39.51636
 -76.21534,  39.51981
 -76.21462,  39.52084
 -76.21532,  39.52168
 -76.22104,  39.52537
 -76.22113,  39.52541
 -76.22241,  39.52537
 -76.22696,  39.52527
 -76.22868,  39.52539
 -76.23279,  39.52573
 -76.23861,  39.52782
 -76.24065,  39.52994
 -76.23857,  39.53370
 -76.23640,  39.53442
 -76.23273,  39.53478
 -76.22691,  39.53479
 -76.22107,  39.53468
 -76.21524,  39.53486
 -76.20940,  39.53567
 -76.20356,  39.53787
 -76.19818,  39.53876
 -76.19789,  39.54326
 -76.19769,  39.54347
 -76.19569,  39.54775
 -76.19440,  39.55224
 -76.19179,  39.55444
 -76.18595,  39.55546
 -76.18011,  39.55543
 -76.17429,  39.55548
 -76.16846,  39.55491
 -76.16263,  39.55404
 -76.15680,  39.55376
 -76.15096,  39.55431
 -76.14514,  39.55373
 -76.13931,  39.55403
 -76.13347,  39.55469
 -76.12763,  39.55556
 -76.12180,  39.55614
 -76.12056,  39.55642
 -76.11594,  39.55909
 -76.11499,  39.56089
 -76.11005,  39.56519
 -76.10928,  39.56535
 -76.10420,  39.56730
 -76.09838,  39.56659
 -76.09255,  39.56570
 -76.08732,  39.56525
 -76.08672,  39.56519
 -76.08617,  39.56524
 -76.08089,  39.56559
 -76.07503,  39.56866
 -76.06920,  39.56813
 -76.06336,  39.56926
 -76.05753,  39.56872
 -76.05170,  39.56821
 -76.04586,  39.56938
 -76.04004,  39.56802
 -76.03419,  39.56937
 -76.02837,  39.56805
 -76.02254,  39.56842
 -76.01670,  39.56854
 -76.01088,  39.56737
 -76.00654,  39.56932
 -76.00822,  39.57382
 -76.01081,  39.57464
 -76.01664,  39.57495
 -76.02247,  39.57544
 -76.02830,  39.57571
 -76.03413,  39.57623
 -76.03996,  39.57615
 -76.04579,  39.57673
 -76.05163,  39.57685
 -76.05337,  39.57856
 -76.05202,  39.58305
 -76.05157,  39.58337
 -76.04573,  39.58360
 -76.03989,  39.58422
 -76.03406,  39.58405
 -76.02822,  39.58457
 -76.02238,  39.58477
 -76.01655,  39.58523
 -76.01070,  39.58555
 -76.00620,  39.58730
 -76.00484,  39.58887
 -76.00235,  39.59177
 -75.99895,  39.59408
 -75.99311,  39.59525
 -75.98727,  39.59537
 -75.98145,  39.59449
 -75.97562,  39.59374
 -75.96978,  39.59379
 -75.96396,  39.59276
 -75.95811,  39.59348
 -75.95226,  39.59498
 -75.94644,  39.59356
 -75.94475,  39.59143
 -75.94360,  39.58693
 -75.94071,  39.58403
 -75.93488,  39.58345
 -75.92903,  39.58485
 -75.92546,  39.58682
 -75.92378,  39.59130
 -75.92384,  39.59580
 -75.92456,  39.60030
 -75.92300,  39.60297
 -75.91716,  39.60388
 -75.91133,  39.60313
 -75.90765,  39.60019
 -75.90553,  39.59954
 -75.89971,  39.59793
 -75.89388,  39.59808
 -75.88804,  39.59815
 -75.88612,  39.60005
 -75.88758,  39.60456
 -75.88797,  39.60476
 -75.89377,  39.60767
 -75.89497,  39.60910
 -75.89373,  39.61131
 -75.88787,  39.61346
 -75.88536,  39.60904
 -75.88212,  39.60603
 -75.87628,  39.60604
 -75.87045,  39.60525
 -75.86460,  39.60687
 -75.85876,  39.60708
 -75.85291,  39.60786
 -75.84708,  39.60767
 -75.84126,  39.60640
 -75.83543,  39.60592
 -75.82960,  39.60538
 -75.82376,  39.60542
 -75.81794,  39.60452
 -75.81710,  39.60407
 -75.81317,  39.59954
 -75.81217,  39.59888
 -75.80633,  39.59917
 -75.80051,  39.59808
 -75.79467,  39.59848
 -75.78887,  39.59548
 -75.78328,  39.59483
 -75.78304,  39.59478
 -75.78265,  39.59482
 -75.77720,  39.59523
 -75.77271,  39.59924
 -75.77129,  39.60115
 -75.76734,  39.60369
 -75.76537,  39.60774
 -75.76528,  39.60818
 -75.76434,  39.61267
 -75.76163,  39.61715
 -75.76520,  39.62116
 -75.76546,  39.62167
 -75.77097,  39.62617
 -75.77106,  39.62621
 -75.77530,  39.63074
 -75.77304,  39.63521
 -75.77225,  39.63971
 -75.77077,  39.64144
 -75.76495,  39.64025
 -75.76433,  39.63964
 -75.75914,  39.63792
 -75.75329,  39.63874
 -75.74746,  39.63792
 -75.74165,  39.63627
 -75.73619,  39.63493
 -75.73582,  39.63476
 -75.73385,  39.63491
 -75.72998,  39.63508
 -75.72414,  39.63573
 -75.71830,  39.63555
 -75.71458,  39.63475
 -75.71249,  39.63377
 -75.70665,  39.63349
 -75.70348,  39.63466
 -75.70079,  39.63509
 -75.69839,  39.63462
 -75.69498,  39.63312
 -75.68918,  39.63041
 -75.68858,  39.63005
 -75.68919,  39.62954
 -75.69507,  39.62680
 -75.69716,  39.62563
 -75.70093,  39.62484
 -75.70543,  39.62569
 -75.70675,  39.62637
 -75.70865,  39.62572
 -75.71260,  39.62501
 -75.71792,  39.62130
 -75.71269,  39.61861
 -75.70686,  39.61770
 -75.70403,  39.61668
 -75.70105,  39.61607
 -75.69521,  39.61648
 -75.68938,  39.61609
 -75.68761,  39.61655
 -75.68412,  39.62102
 -75.68344,  39.62329
 -75.68005,  39.62548
 -75.67755,  39.62671
 -75.67171,  39.62717
 -75.66584,  39.62912
 -75.66000,  39.62973
 -75.65987,  39.62980
 -75.65411,  39.63264
 -75.64826,  39.63342
 -75.64352,  39.62966
 -75.64249,  39.62854
 -75.63928,  39.62513
 -75.63675,  39.62224
 -75.63588,  39.62060
 -75.63383,  39.61609
 -75.63148,  39.61157
 -75.63109,  39.61068
 -75.62527,  39.60966
 -75.62080,  39.61148
 -75.61939,  39.61184
 -75.61742,  39.61145
 -75.61358,  39.61023
 -75.60877,  39.61137
 -75.60773,  39.61162
 -75.60184,  39.61463
 -75.59795,  39.61576
 -75.59598,  39.61636
 -75.59013,  39.61745
 -75.58427,  39.61820
 -75.57842,  39.61933
 -75.57659,  39.62007
 -75.57256,  39.62120
 -75.56670,  39.62233
 -75.56085,  39.62296
 -75.55501,  39.62330
 -75.54916,  39.62367
 -75.54333,  39.62334
 -75.53750,  39.62310
 -75.53167,  39.62254
 -75.52583,  39.62215
 -75.52000,  39.62234
 -75.51414,  39.62284
 -75.51174,  39.62394
 -75.50823,  39.62740
 -75.50600,  39.62838
 -75.50234,  39.63049
 -75.49757,  39.63280
 -75.49646,  39.63320
 -75.49057,  39.63610
 -75.48908,  39.63721
 -75.48466,  39.64005
 -75.48193,  39.64163
 -75.47879,  39.64237
 -75.47294,  39.64293
 -75.46709,  39.64339
 -75.46124,  39.64404
 -75.45644,  39.64587
 -75.45535,  39.64662
 -75.45153,  39.65032
 -75.45136,  39.65481
 -75.45000,  39.65930
 -75.45047,  39.66379
 -75.44925,  39.66828
 -75.45015,  39.67278
 -75.45129,  39.67730
 -75.44942,  39.68177
 -75.44890,  39.68206
 -75.44303,  39.68332
 -75.43719,  39.68338
 -75.43134,  39.68372
 -75.42548,  39.68457
 -75.42165,  39.68598
 -75.41958,  39.68774
 -75.41376,  39.68673
 -75.41059,  39.68586
 -75.40794,  39.68509
 -75.40212,  39.68356
 -75.39632,  39.68167
 -75.39480,  39.68119
 -75.39052,  39.67929
 -75.38766,  39.67662
 -75.38477,  39.67379
 -75.38287,  39.67207
 -75.37978,  39.66754
 -75.37906,  39.66688
 -75.37328,  39.66356
 -75.37094,  39.66294
 -75.36748,  39.66141
 -75.36163,  39.66189
 -75.35971,  39.66282
 -75.35573,  39.66499
 -75.35382,  39.66725
 -75.35207,  39.67173
 -75.35214,  39.67623
 -75.35030,  39.68070
 -75.34961,  39.68519
 -75.34950,  39.68528
 -75.34581,  39.68965
 -75.34354,  39.69154
 -75.33765,  39.69382
 -75.33727,  39.69405
 -75.33176,  39.69607
 -75.32590,  39.69733
 -75.32007,  39.69665
 -75.31419,  39.69818
 -75.30836,  39.69725
 -75.30255,  39.69569
 -75.29815,  39.69360
 -75.29676,  39.69294
 -75.29311,  39.68904
 -75.29103,  39.68731
 -75.28773,  39.68448
 -75.28530,  39.68177
 -75.28370,  39.67994
 -75.28298,  39.67543
 -75.28075,  39.67091
 -75.27971,  39.66883
 -75.27611,  39.66636
 -75.27393,  39.66571
 -75.26813,  39.66409
 -75.26230,  39.66344
 -75.25644,  39.66399
 -75.25057,  39.66525
 -75.24661,  39.66600
 -75.24471,  39.66648
 -75.23886,  39.66668
 -75.23300,  39.66754
 -75.22926,  39.66579
 -75.22721,  39.66510
 -75.22141,  39.66330
 -75.21559,  39.66196
 -75.20973,  39.66309
 -75.20385,  39.66480
 -75.20290,  39.66547
 -75.19953,  39.66992
 -75.19791,  39.67440
 -75.19780,  39.67469
 -75.19475,  39.67886
 -75.19575,  39.68337
 -75.19758,  39.68537
 -75.19963,  39.68792
 -75.20332,  39.69035
 -75.20721,  39.69250
 -75.20909,  39.69344
 -75.21487,  39.69673
 -75.21544,  39.69710
 -75.21974,  39.70165
 -75.21873,  39.70614
 -75.22044,  39.70985
 -75.22090,  39.71066
 -75.22041,  39.71133
 -75.21456,  39.71164
 -75.20869,  39.71262
 -75.20288,  39.71093
 -75.19704,  39.71041
 -75.19653,  39.71035
 -75.19122,  39.70961
 -75.18540,  39.70823
 -75.17954,  39.70881
 -75.17370,  39.70896
 -75.17063,  39.71003
 -75.16779,  39.71185
 -75.16189,  39.71427
 -75.16106,  39.71441
 -75.15601,  39.71558
 -75.15015,  39.71626
 -75.14427,  39.71807
 -75.13843,  39.71774
 -75.13608,  39.71858
 -75.13415,  39.72306
 -75.13642,  39.72757
 -75.13816,  39.73014
 -75.13991,  39.73212
 -75.14392,  39.73385
 -75.14630,  39.73670
 -75.14596,  39.74120
 -75.14374,  39.74239
 -75.13785,  39.74417
 -75.13203,  39.74302
 -75.12917,  39.74097
 -75.12749,  39.73645
 -75.12733,  39.73196
 -75.12652,  39.72777
 -75.12649,  39.72744
 -75.12511,  39.72294
 -75.12084,  39.72000
 -75.11501,  39.71916
 -75.10918,  39.71869
 -75.10837,  39.71822
 -75.10921,  39.71740
 -75.11152,  39.71376
 -75.11048,  39.70925
 -75.10946,  39.70605
 -75.10864,  39.70473
 -75.10606,  39.70020
 -75.10382,  39.69706
 -75.10222,  39.69565
 -75.09869,  39.69110
 -75.09813,  39.69014
 -75.09547,  39.68657
 -75.09245,  39.68305
 -75.09061,  39.68201
 -75.08666,  39.68030
 -75.08407,  39.68192
 -75.08076,  39.68272
 -75.07825,  39.68184
 -75.07500,  39.67937
 -75.06934,  39.68172
 -75.06910,  39.68175
 -75.06322,  39.68320
 -75.05738,  39.68335
 -75.05318,  39.68150
 -75.05467,  39.67702
 -75.05756,  39.67568
 -75.06342,  39.67477
 -75.06924,  39.67567
 -75.07214,  39.67276
 -75.07521,  39.67020
 -75.07644,  39.66832
 -75.07988,  39.66387
 -75.08125,  39.66168
 -75.08364,  39.65942
 -75.08717,  39.65806
 -75.09303,  39.65506
 -75.09308,  39.65503
 -75.09776,  39.65062
 -75.09907,  39.64841
 -75.09965,  39.64615
 -75.09957,  39.64165
 -75.09961,  39.63716
 -75.09933,  39.63641
 -75.09691,  39.63263
 -75.09583,  39.62811
 -75.09535,  39.62360
 -75.09621,  39.61912
 -75.09978,  39.61653
 -75.10396,  39.61473
 -75.10571,  39.61292
 -75.11158,  39.61121
 -75.11566,  39.61039
 -75.11745,  39.61001
 -75.12329,  39.60968
 -75.12556,  39.61052
 -75.12908,  39.61156
 -75.13494,  39.61076
 -75.14071,  39.61384
 -75.14458,  39.61526
 -75.14646,  39.61778
 -75.14795,  39.61980
 -75.15224,  39.62071
 -75.15802,  39.62302
 -75.16391,  39.62079
 -75.16634,  39.62004
 -75.16982,  39.61758
 -75.17569,  39.61590
 -75.17677,  39.61568
 -75.18157,  39.61380
 -75.18528,  39.61128
 -75.18398,  39.60677
 -75.18173,  39.60617
 -75.17590,  39.60607
 -75.17008,  39.60522
 -75.16423,  39.60603
 -75.15839,  39.60594
 -75.15255,  39.60635
 -75.14673,  39.60546
 -75.14304,  39.60175
 -75.14107,  39.59748
 -75.14096,  39.59723
 -75.13834,  39.59269
 -75.13714,  39.58818
 -75.13553,  39.58398
 -75.13544,  39.58366
 -75.13451,  39.57915
 -75.13568,  39.57683
 -75.13772,  39.57470
 -75.14162,  39.57213
 -75.14746,  39.57173
 -75.15328,  39.57249
 -75.15907,  39.57470
 -75.16048,  39.57499
 -75.16486,  39.57658
 -75.17070,  39.57648
 -75.17286,  39.57515
 -75.17522,  39.57069
 -75.17590,  39.56620
 -75.17545,  39.56169
 -75.17597,  39.55720
 -75.17702,  39.55387
 -75.17757,  39.55273
 -75.17709,  39.55031
 -75.17677,  39.54822
 -75.17139,  39.54444
 -75.16874,  39.54362
 -75.16560,  39.54229
 -75.15984,  39.53922
 -75.15945,  39.53901
 -75.15798,  39.53448
 -75.15714,  39.52998
 -75.15710,  39.52548
 -75.15945,  39.52102
 -75.16029,  39.51810
 -75.16080,  39.51654
 -75.16579,  39.51211
 -75.16626,  39.51152
 -75.17037,  39.50767
 -75.17220,  39.50634
 -75.17759,  39.50326
 -75.17811,  39.50268
 -75.18326,  39.49884
 -75.18406,  39.49691
 -75.18551,  39.49437
 -75.19003,  39.49048
 -75.19045,  39.48993
 -75.19590,  39.48799
 -75.20174,  39.48751
 -75.20757,  39.48767
 -75.21337,  39.48860
 -75.21603,  39.49025
 -75.21909,  39.49380
 -75.22002,  39.49480
 -75.22161,  39.49932
 -75.22477,  39.50091
 -75.23009,  39.50391
 -75.23053,  39.50413
 -75.23148,  39.50393
 -75.23640,  39.50230
 -75.24227,  39.50019
 -75.24271,  39.49957
 -75.24231,  39.49809
 -75.24059,  39.49505
 -75.24135,  39.49056
 -75.24130,  39.48606
 -75.24262,  39.48296
 -75.24319,  39.48159
 -75.24309,  39.47709
 -75.24277,  39.47563
 -75.24161,  39.47258
 -75.24292,  39.46837
 -75.24306,  39.46809
 -75.24879,  39.46629
 -75.25464,  39.46466
 -75.25760,  39.46378
 -75.26050,  39.46320
 -75.26639,  39.46008
 -75.26830,  39.45941
 -75.27230,  39.45558
 -75.27275,  39.45496
 -75.27631,  39.45051
 -75.27827,  39.44840
 -75.28114,  39.44607
 -75.28419,  39.44357
 -75.28822,  39.44166
 -75.29008,  39.43957
 -75.29595,  39.43726
 -75.29600,  39.43725
 -75.30180,  39.43587
 -75.30760,  39.43697
 -75.30875,  39.43740
 -75.31339,  39.43927
 -75.31577,  39.44198
 -75.31912,  39.44368
 -75.32339,  39.44656
 -75.32487,  39.44746
 -75.33067,  39.44916
 -75.33649,  39.44855
 -75.34113,  39.44677
 -75.34236,  39.44644
 -75.34637,  39.44233
 -75.34676,  39.43783
 -75.34653,  39.43333
 -75.34581,  39.42883
 -75.34296,  39.42430
 -75.34279,  39.42410
 -75.33702,  39.42111
 -75.33360,  39.41970
 -75.33664,  39.41524
 -75.33714,  39.41462
 -75.34104,  39.41079
 -75.34306,  39.40926
 -75.34536,  39.40634
 -75.34899,  39.40377
 -75.35208,  39.40191
 -75.35489,  39.39969
 -75.36017,  39.39751
 -75.36076,  39.39686
 -75.36665,  39.39323
 -75.36701,  39.39309
 -75.37250,  39.39122
 -75.37576,  39.38869
 -75.37839,  39.38759
 -75.38423,  39.38635
 -75.38748,  39.38432
 -75.39011,  39.38315
 -75.39589,  39.37992
 -75.39598,  39.37979
 -75.40022,  39.37547
 -75.40189,  39.37453
 -75.40775,  39.37258
 -75.41357,  39.37207
 -75.41936,  39.37367
 -75.42455,  39.37573
 -75.42514,  39.37601
 -75.43090,  39.37911
 -75.43675,  39.37727
 -75.44109,  39.37590
 -75.44260,  39.37548
 -75.44846,  39.37346
 -75.45120,  39.37151
 -75.45433,  39.37009
 -75.45940,  39.36710
 -75.46021,  39.36684
 -75.46602,  39.36671
 -75.47186,  39.36550
 -75.47768,  39.36529
 -75.48351,  39.36485
 -75.48933,  39.36436
 -75.49515,  39.36424
 -75.50095,  39.36508
 -75.50675,  39.36601
 -75.51256,  39.36635
 -75.51838,  39.36628
 -75.52419,  39.36668
 -75.53001,  39.36595
 -75.53583,  39.36621
 -75.54166,  39.36554
 -75.54749,  39.36446
 -75.55332,  39.36355
 -75.55914,  39.36364
 -75.55941,  39.36359
 -75.56502,  39.35949
 -75.56576,  39.35915
 -75.56503,  39.35876
 -75.56271,  39.35463
 -75.55934,  39.35082
 -75.55903,  39.35010
 -75.55868,  39.34560
 -75.55600,  39.34108
 -75.55568,  39.33657
 -75.55623,  39.33208
 -75.55706,  39.32759
 -75.55975,  39.32527
 -75.56557,  39.32435
 -75.57138,  39.32457
 -75.57720,  39.32417
 -75.58300,  39.32484
 -75.58880,  39.32611
 -75.59070,  39.32791
 -75.59216,  39.33242
 -75.59332,  39.33693
 -75.59439,  39.34012
 -75.59474,  39.34144
 -75.59577,  39.34594
 -75.59982,  39.35048
 -75.60004,  39.35062
 -75.60584,  39.35204
 -75.61163,  39.35336
 -75.61748,  39.35151
 -75.62074,  39.35067
 -75.62332,  39.34985
 -75.62904,  39.34624
 -75.62919,  39.34610
 -75.63180,  39.34177
 -75.63511,  39.33906
 -75.63690,  39.33732
 -75.64098,  39.33545
 -75.64680,  39.33425
 -75.65260,  39.33529
 -75.65574,  39.33748
 -75.65833,  39.34164
 -75.65855,  39.34201
 -75.66330,  39.34654
 -75.66406,  39.34701
 -75.66980,  39.35110
 -75.66982,  39.35110
 -75.66985,  39.35110
 -75.67567,  39.34859
 -75.68150,  39.34736
 -75.68227,  39.34670
 -75.68735,  39.34572
 -75.69318,  39.34403
 -75.69711,  39.34233
 -75.69906,  39.33978
 -75.70488,  39.33892
 -75.70822,  39.33792
 -75.71072,  39.33727
 -75.71652,  39.33797
 -75.72235,  39.33691
 -75.72818,  39.33580
 -75.73106,  39.33361
 -75.73405,  39.33130
 -75.73555,  39.32915
 -75.73994,  39.32609
 -75.74323,  39.32472
 -75.74578,  39.32340
 -75.75160,  39.32289
 -75.75742,  39.32235
 -75.76325,  39.32133
 -75.76517,  39.32039
 -75.76580,  39.31590
 -75.76336,  39.31299
 -75.75755,  39.31244
 -75.75172,  39.31435
 -75.74590,  39.31413
 -75.74010,  39.31383
 -75.73435,  39.31116
 -75.73432,  39.31110
 -75.72855,  39.30775
 -75.72807,  39.30661
 -75.72845,  39.30212
 -75.72864,  39.30177
 -75.73447,  39.30004
 -75.73836,  39.29770
 -75.74032,  39.29723
 -75.74342,  39.29774
 -75.74611,  39.29858
 -75.75159,  39.29780
 -75.75193,  39.29777
 -75.75200,  39.29781
 -75.75480,  39.30233
 -75.75765,  39.30478
 -75.76219,  39.30688
 -75.76342,  39.30823
 -75.76920,  39.30693
 -75.76925,  39.30693
 -75.76926,  39.30693
 -75.77505,  39.30800
 -75.77793,  39.30700
 -75.78088,  39.30649
 -75.78410,  39.30704
 -75.78667,  39.30805
 -75.78801,  39.30708
 -75.79252,  39.30515
 -75.79487,  39.30263
 -75.79610,  39.29815
 -75.79264,  39.29530
 -75.78682,  39.29580
 -75.78101,  39.29575
 -75.77521,  39.29541
 -75.76941,  39.29448
 -75.76624,  39.29342
 -75.76497,  39.28892
 -75.76952,  39.28606
 -75.77534,  39.28480
 -75.77765,  39.28452
 -75.78116,  39.28420
 -75.78699,  39.28275
 -75.79278,  39.28411
 -75.79349,  39.28464
 -75.79550,  39.28915
 -75.79529,  39.29364
 -75.79844,  39.29601
 -75.80424,  39.29668
 -75.81006,  39.29629
 -75.81339,  39.29827
 -75.81582,  39.30050
 -75.82021,  39.30282
 -75.82159,  39.30314
 -75.82391,  39.30285
 -75.82742,  39.30152
 -75.83324,  39.30121
 -75.83536,  39.30293
 -75.83902,  39.30370
 -75.84483,  39.30401
 -75.85062,  39.30570
 -75.85572,  39.30757
 -75.85641,  39.30780
 -75.86221,  39.30804
 -75.86389,  39.30762
 -75.86805,  39.30610
 -75.87389,  39.30347
 -75.87536,  39.30320
 -75.87390,  39.30283
 -75.87072,  39.29867
 -75.86814,  39.29811
 -75.86234,  39.29731
 -75.85653,  39.29725
 -75.85073,  39.29647
 -75.84492,  39.29621
 -75.83913,  39.29517
 -75.83330,  39.29614
 -75.82750,  39.29542
 -75.82545,  39.29386
 -75.82365,  39.28935
 -75.82180,  39.28622
 -75.81859,  39.28482
 -75.81602,  39.28316
 -75.81022,  39.28322
 -75.80568,  39.28023
 -75.80595,  39.27573
 -75.80808,  39.27125
 -75.80596,  39.26674
 -75.80463,  39.26559
 -75.79883,  39.26450
 -75.79301,  39.26518
 -75.78720,  39.26576
 -75.78139,  39.26580
 -75.77778,  39.26653
 -75.77557,  39.26719
 -75.77024,  39.26647
 -75.76977,  39.26644
 -75.76941,  39.26646
 -75.76395,  39.26730
 -75.75975,  39.26639
 -75.75816,  39.26615
 -75.75235,  39.26601
 -75.74656,  39.26441
 -75.74429,  39.26177
 -75.74468,  39.25727
 -75.74668,  39.25540
 -75.75251,  39.25388
 -75.75832,  39.25379
 -75.76335,  39.25293
 -75.76414,  39.25269
 -75.76505,  39.25294
 -75.76994,  39.25349
 -75.77518,  39.25303
 -75.77575,  39.25288
 -75.77621,  39.25303
 -75.78154,  39.25409
 -75.78735,  39.25388
 -75.79315,  39.25443
 -75.79894,  39.25545
 -75.80476,  39.25474
 -75.80667,  39.25326
 -75.81026,  39.24879
 -75.81065,  39.24840
 -75.81650,  39.24474
 -75.81886,  39.24435
 -75.82231,  39.24384
 -75.82812,  39.24400
 -75.83392,  39.24366
 -75.83973,  39.24376
 -75.84555,  39.24263
 -75.85134,  39.24398
 -75.85525,  39.24012
 -75.85722,  39.23815
 -75.86092,  39.23566
 -75.86307,  39.23373
 -75.86540,  39.23119
 -75.86893,  39.22836
 -75.87473,  39.22928
 -75.88052,  39.23034
 -75.88633,  39.23063
 -75.89214,  39.23011
 -75.89548,  39.22689
 -75.89799,  39.22630
 -75.90260,  39.22694
 -75.90378,  39.22732
 -75.90955,  39.22995
 -75.91538,  39.22792
 -75.91654,  39.22704
 -75.92121,  39.22565
 -75.92702,  39.22458
 -75.93283,  39.22440
 -75.93753,  39.22267
 -75.93844,  39.21818
 -75.93871,  39.21795
 -75.93978,  39.21819
END
 -13.00000, -76.09601,  39.23255
 -76.10109,  39.23349
 -76.10690,  39.23338
 -76.11269,  39.23447
 -76.11707,  39.23715
 -76.11739,  39.24165
 -76.11260,  39.24530
 -76.10905,  39.24611
 -76.10679,  39.24670
 -76.10098,  39.24660
 -76.09517,  39.24758
 -76.08936,  39.24723
 -76.08356,  39.24782
 -76.07775,  39.24756
 -76.07195,  39.24719
 -76.06614,  39.24699
 -76.06034,  39.24623
 -76.05453,  39.24668
 -76.04873,  39.24646
 -76.04290,  39.24899
 -76.03709,  39.24901
 -76.03131,  39.24621
 -76.02940,  39.24569
 -76.02552,  39.24436
 -76.01973,  39.24317
 -76.01734,  39.24113
 -76.01978,  39.23705
 -76.02107,  39.23666
 -76.02560,  39.23590
 -76.03141,  39.23491
 -76.03722,  39.23435
 -76.04304,  39.23387
 -76.04884,  39.23386
 -76.05465,  39.23314
 -76.06045,  39.23379
 -76.06626,  39.23298
 -76.07207,  39.23311
 -76.07787,  39.23288
 -76.08205,  39.23248
 -76.08369,  39.23210
 -76.08467,  39.23249
 -76.08948,  39.23326
 -76.09454,  39.23254
 -76.09529,  39.23226
 -76.09601,  39.23255
END
 -13.00000, -76.19405,  39.23748
 -76.19447,  39.24198
 -76.19391,  39.24263
 -76.18809,  39.24502
 -76.18228,  39.24503
 -76.17648,  39.24494
 -76.17067,  39.24471
 -76.16488,  39.24321
 -76.15908,  39.24221
 -76.15862,  39.24183
 -76.15910,  39.23936
 -76.16108,  39.23735
 -76.16492,  39.23659
 -76.17074,  39.23515
 -76.17654,  39.23496
 -76.18235,  39.23486
 -76.18816,  39.23489
 -76.19395,  39.23738
 -76.19405,  39.23748
END
 -13.00000, -76.01456,  39.25011
 -76.01503,  39.25461
 -76.01959,  39.25739
 -76.02117,  39.25914
 -76.01955,  39.26199
 -76.01376,  39.26103
 -76.00794,  39.26130
 -76.00480,  39.25904
 -76.00217,  39.25743
 -75.99638,  39.25635
 -75.99080,  39.25447
 -75.99059,  39.25436
 -75.98897,  39.24996
 -75.99065,  39.24789
 -75.99647,  39.24647
 -76.00228,  39.24571
 -76.00809,  39.24606
 -76.01387,  39.24832
 -76.01456,  39.25011
END
 -13.00000, -75.85577,  39.24911
 -75.85696,  39.25362
 -75.85703,  39.25370
 -75.85748,  39.25362
 -75.86285,  39.25255
 -75.86449,  39.24917
 -75.86292,  39.24663
 -75.85713,  39.24522
 -75.85577,  39.24911
END
 -13.00000, -75.91187,  39.25848
 -75.91061,  39.26297
 -75.90919,  39.26368
 -75.90338,  39.26376
 -75.89757,  39.26429
 -75.89337,  39.26286
 -75.89299,  39.25835
 -75.89767,  39.25510
 -75.90347,  39.25579
 -75.90926,  39.25663
 -75.91187,  39.25848
END
 -13.00000, -75.83625,  39.25797
 -75.83714,  39.26247
 -75.83950,  39.26334
 -75.84460,  39.26252
 -75.84534,  39.26102
 -75.84718,  39.26254
 -75.85112,  39.26317
 -75.85317,  39.26258
 -75.85404,  39.25809
 -75.85120,  39.25617
 -75.84538,  39.25732
 -75.83958,  39.25663
 -75.83625,  39.25797
END
 -13.00000, -75.94046,  39.26765
 -75.94218,  39.27216
 -75.93811,  39.27521
 -75.93536,  39.27212
 -75.93664,  39.26763
 -75.93819,  39.26688
 -75.94046,  39.26765
END
 -13.00000, -75.85661,  39.26711
 -75.85619,  39.27160
 -75.85641,  39.27610
 -75.85674,  39.27875
 -75.85744,  39.28060
 -75.86253,  39.28147
 -75.86617,  39.28066
 -75.86838,  39.27772
 -75.87217,  39.27620
 -75.86948,  39.27169
 -75.86845,  39.27110
 -75.86700,  39.26717
 -75.86271,  39.26517
 -75.85689,  39.26645
 -75.85661,  39.26711
END
 -13.00000, -75.67422,  39.27020
 -75.67619,  39.27470
 -75.67670,  39.27601
 -75.67802,  39.27922
 -75.67661,  39.28270
 -75.67615,  39.28370
 -75.67075,  39.28606
 -75.66962,  39.28364
 -75.66764,  39.27913
 -75.66898,  39.27464
 -75.66910,  39.27015
 -75.67099,  39.26897
 -75.67422,  39.27020
END
 -13.00000, -75.71769,  39.27954
 -75.71853,  39.28405
 -75.71723,  39.28563
 -75.71586,  39.28853
 -75.71536,  39.29302
 -75.71370,  39.29750
 -75.71273,  39.30199
 -75.71119,  39.30297
 -75.70538,  39.30275
 -75.69955,  39.30366
 -75.69640,  39.30186
 -75.69414,  39.29734
 -75.69384,  39.29664
 -75.69032,  39.29281
 -75.68813,  39.28906
 -75.68700,  39.28829
 -75.68816,  39.28735
 -75.68961,  39.28381
 -75.69407,  39.28007
 -75.69440,  39.27935
 -75.69994,  39.27599
 -75.70575,  39.27604
 -75.71156,  39.27609
 -75.71732,  39.27937
 -75.71769,  39.27954
END
 -13.00000, -76.34149,  39.29645
 -76.34451,  39.30095
 -76.33877,  39.30402
 -76.33297,  39.30209
 -76.32716,  39.30189
 -76.32133,  39.30351
 -76.31553,  39.30311
 -76.30972,  39.30357
 -76.30397,  39.30083
 -76.30801,  39.29635
 -76.30975,  39.29594
 -76.31516,  39.29637
 -76.31556,  39.29648
 -76.31605,  39.29637
 -76.32137,  39.29603
 -76.32351,  39.29639
 -76.32717,  39.29878
 -76.33298,  39.29833
 -76.33488,  39.29642
 -76.33881,  39.29557
 -76.34149,  39.29645
END
 -13.00000, -76.22343,  39.30055
 -76.22256,  39.30154
 -76.21675,  39.30134
 -76.21539,  39.30052
 -76.21677,  39.29935
 -76.22258,  39.29916
 -76.22343,  39.30055
END
 -13.00000, -75.87900,  39.29873
 -75.87974,  39.30038
 -75.88000,  39.29874
 -75.87976,  39.29864
 -75.87900,  39.29873
END
 -13.00000, -76.25231,  39.30965
 -76.25156,  39.31080
 -76.24979,  39.30964
 -76.25157,  39.30873
 -76.25231,  39.30965
END
 -13.00000, -76.15592,  39.30927
 -76.15858,  39.31060
 -76.16127,  39.30929
 -76.15860,  39.30763
 -76.15592,  39.30927
END
 -13.00000, -75.89220,  39.30782
 -75.89391,  39.31232
 -75.89703,  39.31277
 -75.90284,  39.31305
 -75.90865,  39.31329
 -75.91311,  39.31245
 -75.91123,  39.30794
 -75.90871,  39.30718
 -75.90290,  39.30748
 -75.89709,  39.30725
 -75.89220,  39.30782
END
 -13.00000, -76.30363,  39.34579
 -76.30368,  39.34584
 -76.30602,  39.35030
 -76.30364,  39.35406
 -76.30269,  39.35479
 -76.29781,  39.35691
 -76.29199,  39.35760
 -76.28617,  39.35812
 -76.28036,  39.35661
 -76.27513,  39.35470
 -76.27457,  39.35396
 -76.27051,  39.35018
 -76.27461,  39.34576
 -76.27465,  39.34570
 -76.28044,  39.34346
 -76.28626,  39.34208
 -76.29208,  39.34253
 -76.29788,  39.34324
 -76.30363,  39.34579
END
 -13.00000, -75.73806,  39.35166
 -75.73957,  39.35368
 -75.74052,  39.35168
 -75.73965,  39.34723
 -75.73806,  39.35166
END
 -13.00000, -76.27396,  39.39066
 -76.26852,  39.39318
 -76.26544,  39.39063
 -76.26856,  39.38662
 -76.27396,  39.39066
END
 -13.00000, -76.22747,  39.39949
 -76.22775,  39.40062
 -76.23022,  39.39950
 -76.22776,  39.39928
 -76.22747,  39.39949
END
 -13.00000, -76.23133,  39.40400
 -76.23353,  39.40763
 -76.23785,  39.40403
 -76.23357,  39.40143
 -76.23133,  39.40400
END
 -13.00000, -75.69788,  39.40079
 -75.69820,  39.40105
 -75.69951,  39.40081
 -75.69822,  39.40033
 -75.69788,  39.40079
END
 -13.00000, -75.74819,  39.41019
 -75.75045,  39.41096
 -75.75281,  39.41023
 -75.75047,  39.40893
 -75.74819,  39.41019
END
 -13.00000, -75.73861,  39.41012
 -75.73882,  39.41023
 -75.73932,  39.41013
 -75.73882,  39.40992
 -75.73861,  39.41012
END
 -13.00000, -76.18863,  39.43980
 -76.19186,  39.44431
 -76.19254,  39.44475
 -76.19835,  39.44587
 -76.20068,  39.44435
 -76.20063,  39.43986
 -76.19840,  39.43862
 -76.19257,  39.43880
 -76.18863,  39.43980
END
 -13.00000, -76.23587,  39.45797
 -76.23692,  39.46248
 -76.23899,  39.46539
 -76.24129,  39.46699
 -76.24335,  39.47149
 -76.24476,  39.47409
 -76.25059,  39.47423
 -76.25551,  39.47603
 -76.25639,  39.47827
 -76.25810,  39.48054
 -76.25636,  39.48191
 -76.25272,  39.48502
 -76.25052,  39.48560
 -76.24874,  39.48500
 -76.24472,  39.48094
 -76.24448,  39.48049
 -76.24368,  39.47599
 -76.23894,  39.47367
 -76.23311,  39.47469
 -76.22728,  39.47534
 -76.22145,  39.47560
 -76.21564,  39.47427
 -76.21219,  39.47137
 -76.21107,  39.46688
 -76.21038,  39.46238
 -76.21032,  39.45788
 -76.21577,  39.45362
 -76.22159,  39.45384
 -76.22742,  39.45378
 -76.23323,  39.45514
 -76.23587,  39.45797
END
 -13.00000, -76.12752,  39.46202
 -76.12833,  39.46450
 -76.12943,  39.46203
 -76.12836,  39.46180
 -76.12752,  39.46202
END
 -13.00000, -76.10761,  39.46643
 -76.10500,  39.46821
 -76.09918,  39.46808
 -76.09460,  39.47086
 -76.09914,  39.47411
 -76.10496,  39.47392
 -76.11079,  39.47367
 -76.11662,  39.47328
 -76.12244,  39.47387
 -76.12719,  39.47101
 -76.12753,  39.46652
 -76.12251,  39.46440
 -76.11668,  39.46446
 -76.11086,  39.46492
 -76.10761,  39.46643
END
 -13.00000, -76.10588,  39.49789
 -76.10475,  39.49961
 -76.10360,  39.49788
 -76.09895,  39.49693
 -76.09312,  39.49716
 -76.08730,  39.49676
 -76.08527,  39.49779
 -76.08726,  39.50126
 -76.08897,  39.50230
 -76.09307,  39.50288
 -76.09889,  39.50377
 -76.10472,  39.50326
 -76.11054,  39.50405
 -76.11636,  39.50594
 -76.11958,  39.50695
 -76.12217,  39.50832
 -76.12408,  39.50697
 -76.12801,  39.50583
 -76.13384,  39.50579
 -76.13967,  39.50573
 -76.14277,  39.50256
 -76.14240,  39.49806
 -76.13975,  39.49513
 -76.13391,  39.49699
 -76.12808,  39.49699
 -76.12225,  39.49702
 -76.11642,  39.49770
 -76.11060,  39.49704
 -76.10588,  39.49789
END
 -13.00000, -76.32296,  39.50773
 -76.32300,  39.51222
 -76.32029,  39.51408
 -76.31445,  39.51526
 -76.30862,  39.51551
 -76.30280,  39.51550
 -76.29697,  39.51553
 -76.29114,  39.51548
 -76.28531,  39.51501
 -76.27950,  39.51361
 -76.27741,  39.51208
 -76.27767,  39.50758
 -76.27953,  39.50632
 -76.28537,  39.50494
 -76.29120,  39.50448
 -76.29703,  39.50446
 -76.30286,  39.50447
 -76.30868,  39.50448
 -76.31451,  39.50473
 -76.32033,  39.50591
 -76.32296,  39.50773
END
 -13.00000, -76.25362,  39.50750
 -76.25391,  39.51200
 -76.25034,  39.51439
 -76.24452,  39.51356
 -76.23870,  39.51288
 -76.23746,  39.51194
 -76.23808,  39.50745
 -76.23873,  39.50701
 -76.24457,  39.50630
 -76.25040,  39.50550
 -76.25362,  39.50750
END
 -13.00000, -76.15094,  39.50709
 -76.14751,  39.51157
 -76.15128,  39.51263
 -76.15422,  39.51160
 -76.15141,  39.50710
 -76.15131,  39.50707
 -76.15094,  39.50709
END
 -13.00000, -76.13854,  39.52502
 -76.13369,  39.52606
 -76.12785,  39.52643
 -76.12202,  39.52629
 -76.11619,  39.52776
 -76.11036,  39.52743
 -76.10452,  39.52855
 -76.09870,  39.52695
 -76.09287,  39.52696
 -76.08704,  39.52828
 -76.08562,  39.52927
 -76.08702,  39.53011
 -76.09284,  39.53088
 -76.09866,  39.53243
 -76.10450,  39.53128
 -76.10792,  39.53387
 -76.11030,  39.53445
 -76.11612,  39.53589
 -76.12193,  39.53842
 -76.12194,  39.53844
 -76.12575,  39.54295
 -76.12772,  39.54390
 -76.13354,  39.54522
 -76.13937,  39.54585
 -76.14522,  39.54336
 -76.14560,  39.54304
 -76.14943,  39.53856
 -76.15109,  39.53730
 -76.15694,  39.53523
 -76.16277,  39.53479
 -76.16859,  39.53525
 -76.17443,  39.53517
 -76.18026,  39.53478
 -76.18342,  39.53421
 -76.18610,  39.53308
 -76.19193,  39.53282
 -76.19370,  39.52976
 -76.19197,  39.52807
 -76.18613,  39.52835
 -76.18031,  39.52737
 -76.17448,  39.52876
 -76.16866,  39.52751
 -76.16282,  39.52763
 -76.15700,  39.52701
 -76.15118,  39.52611
 -76.14535,  39.52538
 -76.14217,  39.52504
 -76.13953,  39.52479
 -76.13854,  39.52502
END
 -13.00000, -76.25250,  39.53897
 -76.25018,  39.54174
 -76.24759,  39.53895
 -76.25021,  39.53778
 -76.25250,  39.53897
END
 -13.00000, -76.09409,  39.54729
 -76.09270,  39.54778
 -76.08687,  39.54776
 -76.08463,  39.54725
 -76.08105,  39.54681
 -76.07800,  39.54722
 -76.07795,  39.55171
 -76.08099,  39.55318
 -76.08681,  39.55429
 -76.09264,  39.55429
 -76.09849,  39.55354
 -76.10433,  39.55206
 -76.10876,  39.55186
 -76.10434,  39.55100
 -76.10149,  39.54733
 -76.09854,  39.54690
 -76.09409,  39.54729
END
 -13.00000, -76.06920,  39.55167
 -76.06934,  39.55175
 -76.07021,  39.55167
 -76.06935,  39.55046
 -76.06920,  39.55167
END
 -13.00000, -75.89574,  39.55965
 -75.90010,  39.56289
 -75.90369,  39.55970
 -75.90015,  39.55853
 -75.89574,  39.55965
END
 -13.00000, -75.88800,  39.55960
 -75.88846,  39.56120
 -75.89081,  39.55962
 -75.88848,  39.55910
 -75.88800,  39.55960
END
 -13.00000, -75.75624,  39.55865
 -75.76015,  39.56017
 -75.76098,  39.55869
 -75.76018,  39.55817
 -75.75624,  39.55865
END
 -13.00000, -75.74271,  39.55854
 -75.74819,  39.56308
 -75.74845,  39.56312
 -75.74861,  39.56308
 -75.75301,  39.55862
 -75.74852,  39.55744
 -75.74271,  39.55854
END
 -13.00000, -76.23759,  39.56590
 -76.23837,  39.56658
 -76.24419,  39.56893
 -76.24546,  39.57042
 -76.24999,  39.57280
 -76.25459,  39.57495
 -76.25579,  39.57859
 -76.25610,  39.57945
 -76.25578,  39.58114
 -76.25542,  39.58395
 -76.24991,  39.58682
 -76.24407,  39.58770
 -76.23824,  39.58667
 -76.23242,  39.58500
 -76.23024,  39.58385
 -76.22661,  39.58168
 -76.22477,  39.57934
 -76.22079,  39.57744
 -76.21497,  39.57698
 -76.21153,  39.57479
 -76.20917,  39.57211
 -76.20333,  39.57282
 -76.19749,  39.57233
 -76.19585,  39.57023
 -76.19753,  39.56780
 -76.20337,  39.56720
 -76.20919,  39.56796
 -76.21059,  39.56580
 -76.21506,  39.56308
 -76.22089,  39.56285
 -76.22672,  39.56285
 -76.23255,  39.56429
 -76.23759,  39.56590
END
 -13.00000, -75.77527,  39.58127
 -75.77734,  39.58424
 -75.78320,  39.58305
 -75.78422,  39.58134
 -75.78324,  39.57893
 -75.77741,  39.57882
 -75.77527,  39.58127
END
 -13.00000, -76.18792,  39.58819
 -76.18569,  39.59248
 -76.18567,  39.59267
 -76.17984,  39.59484
 -76.17400,  39.59476
 -76.16817,  39.59476
 -76.16234,  39.59446
 -76.15652,  39.59290
 -76.15591,  39.59254
 -76.15520,  39.58805
 -76.15656,  39.58715
 -76.16240,  39.58566
 -76.16824,  39.58538
 -76.17407,  39.58536
 -76.17991,  39.58532
 -76.18572,  39.58765
 -76.18792,  39.58819
END
 -13.00000, -76.14188,  39.58799
 -76.14127,  39.59248
 -76.13901,  39.59336
 -76.13563,  39.59246
 -76.13493,  39.58796
 -76.13905,  39.58675
 -76.14188,  39.58799
END
 -13.00000, -76.12640,  39.58792
 -76.12594,  39.59241
 -76.12150,  39.59375
 -76.11565,  39.59429
 -76.10982,  39.59498
 -76.10399,  39.59421
 -76.09815,  39.59388
 -76.09232,  39.59379
 -76.08715,  39.59222
 -76.08720,  39.58773
 -76.09238,  39.58621
 -76.09822,  39.58614
 -76.10406,  39.58580
 -76.10989,  39.58506
 -76.11572,  39.58578
 -76.12156,  39.58631
 -76.12640,  39.58792
END
 -13.00000, -75.74255,  39.59900
 -75.74212,  39.60083
 -75.74088,  39.60349
 -75.74199,  39.60799
 -75.74202,  39.60802
 -75.74785,  39.60862
 -75.74915,  39.60805
 -75.75372,  39.60606
 -75.75616,  39.60361
 -75.75679,  39.59912
 -75.75382,  39.59788
 -75.74802,  39.59599
 -75.74255,  39.59900
END
 -13.00000, -75.68710,  39.59856
 -75.68900,  39.60307
 -75.68956,  39.60328
 -75.69022,  39.60308
 -75.69312,  39.59860
 -75.68965,  39.59685
 -75.68710,  39.59856
END
 -13.00000, -75.20130,  39.59349
 -75.19950,  39.59411
 -75.19402,  39.59790
 -75.19356,  39.59895
 -75.19051,  39.60236
 -75.18911,  39.60684
 -75.19090,  39.61135
 -75.19327,  39.61279
 -75.19499,  39.61591
 -75.19756,  39.62043
 -75.19892,  39.62141
 -75.20371,  39.62051
 -75.20479,  39.62017
 -75.20623,  39.62054
 -75.21060,  39.62144
 -75.21161,  39.62061
 -75.21510,  39.61616
 -75.21658,  39.61447
 -75.21845,  39.61170
 -75.22026,  39.60723
 -75.22199,  39.60275
 -75.22240,  39.59826
 -75.21698,  39.59550
 -75.21329,  39.59364
 -75.21124,  39.59107
 -75.20538,  39.59169
 -75.20130,  39.59349
END
 -13.00000, -76.01408,  39.61882
 -76.01244,  39.62331
 -76.01034,  39.62430
 -76.00451,  39.62349
 -75.99867,  39.62348
 -75.99677,  39.62322
 -75.99287,  39.62060
 -75.98703,  39.62047
 -75.98365,  39.62315
 -75.98116,  39.62350
 -75.97533,  39.62350
 -75.96947,  39.62451
 -75.96365,  39.62342
 -75.95781,  39.62322
 -75.95471,  39.62297
 -75.95199,  39.62181
 -75.94958,  39.61844
 -75.95203,  39.61774
 -75.95788,  39.61712
 -75.96371,  39.61695
 -75.96956,  39.61582
 -75.97539,  39.61689
 -75.98122,  39.61693
 -75.98705,  39.61811
 -75.99289,  39.61811
 -75.99873,  39.61697
 -76.00457,  39.61693
 -76.01042,  39.61609
 -76.01408,  39.61882
END
 -13.00000, -75.85416,  39.61782
 -75.85494,  39.62233
 -75.85854,  39.62541
 -75.86438,  39.62571
 -75.87022,  39.62555
 -75.87476,  39.62696
 -75.87600,  39.63074
 -75.87679,  39.63146
 -75.87599,  39.63164
 -75.87012,  39.63411
 -75.86429,  39.63399
 -75.85845,  39.63369
 -75.85584,  39.63132
 -75.85542,  39.62682
 -75.85271,  39.62499
 -75.84688,  39.62504
 -75.84104,  39.62479
 -75.83521,  39.62468
 -75.82937,  39.62438
 -75.82635,  39.62212
 -75.82648,  39.61763
 -75.82948,  39.61557
 -75.83532,  39.61531
 -75.84116,  39.61523
 -75.84699,  39.61529
 -75.85281,  39.61647
 -75.85416,  39.61782
END
 -13.00000, -75.72959,  39.62139
 -75.73016,  39.62153
 -75.73025,  39.62140
 -75.73017,  39.62112
 -75.72959,  39.62139
END
 -13.00000, -75.80370,  39.62645
 -75.80595,  39.62992
 -75.80807,  39.63098
 -75.80593,  39.63143
 -75.80006,  39.63407
 -75.79662,  39.63090
 -75.79840,  39.62642
 -75.80016,  39.62549
 -75.80370,  39.62645
END
 -13.00000, -75.73182,  39.66637
 -75.73432,  39.67089
 -75.72945,  39.67472
 -75.72390,  39.67081
 -75.72664,  39.66633
 -75.72958,  39.66526
 -75.73182,  39.66637
END
 -13.00000, -75.71355,  39.66622
 -75.71656,  39.67075
 -75.71192,  39.67473
 -75.70609,  39.67398
 -75.70026,  39.67323
 -75.69785,  39.67059
 -75.70032,  39.66611
 -75.70036,  39.66609
 -75.70621,  39.66566
 -75.71205,  39.66560
 -75.71355,  39.66622
END
 -13.00000, -75.84061,  39.68068
 -75.84038,  39.68091
 -75.84010,  39.68068
 -75.84038,  39.68030
 -75.84061,  39.68068
END
 -13.00000, -75.75457,  39.68004
 -75.75272,  39.68221
 -75.74686,  39.68321
 -75.74102,  39.68313
 -75.73729,  39.67990
 -75.74110,  39.67691
 -75.74695,  39.67678
 -75.75278,  39.67785
 -75.75457,  39.68004
END
 -13.00000, -75.72281,  39.67979
 -75.71768,  39.68077
 -75.71694,  39.67974
 -75.71774,  39.67609
 -75.72281,  39.67979
END
 -13.00000, -75.74796,  39.69798
 -75.74661,  39.70224
 -75.74657,  39.70246
 -75.74075,  39.70393
 -75.73491,  39.70343
 -75.72906,  39.70395
 -75.72322,  39.70309
 -75.71738,  39.70321
 -75.71152,  39.70383
 -75.70757,  39.70214
 -75.70780,  39.69765
 -75.71163,  39.69614
 -75.71746,  39.69678
 -75.72330,  39.69693
 -75.72916,  39.69609
 -75.73500,  39.69662
 -75.74084,  39.69615
 -75.74667,  39.69769
 -75.74796,  39.69798
END
 -13.00000, -75.37878,  39.70350
 -75.38254,  39.70804
 -75.38409,  39.71139
 -75.38449,  39.71255
 -75.38583,  39.71707
 -75.38512,  39.72156
 -75.38387,  39.72279
 -75.37849,  39.72599
 -75.37796,  39.72625
 -75.37207,  39.72860
 -75.36626,  39.72698
 -75.36342,  39.72582
 -75.36045,  39.72481
 -75.35739,  39.72125
 -75.35598,  39.71674
 -75.35742,  39.71226
 -75.35841,  39.70778
 -75.36083,  39.70421
 -75.36194,  39.70332
 -75.36677,  39.69950
 -75.37262,  39.69904
 -75.37840,  39.70308
 -75.37878,  39.70350
END
 -12.00000, -76.11611,  39.33157
 -76.11192,  39.33170
 -76.11121,  39.33155
 -76.11192,  39.33129
 -76.11611,  39.33157
END
 -12.00000, -76.07030,  39.33584
 -76.07119,  39.33611
 -76.07698,  39.33842
 -76.08279,  39.33908
 -76.08726,  39.34042
 -76.08858,  39.34121
 -76.09136,  39.34044
 -76.09441,  39.33966
 -76.10025,  39.33704
 -76.10201,  39.34049
 -76.10019,  39.34411
 -76.09920,  39.34498
 -76.09937,  39.34948
 -76.09940,  39.35397
 -76.10011,  39.35482
 -76.10227,  39.35848
 -76.10300,  39.36298
 -76.10584,  39.36491
 -76.11166,  39.36525
 -76.11745,  39.36669
 -76.12327,  39.36691
 -76.12910,  39.36565
 -76.13492,  39.36545
 -76.14073,  39.36512
 -76.14586,  39.36768
 -76.14458,  39.37217
 -76.14067,  39.37365
 -76.13484,  39.37496
 -76.13153,  39.37661
 -76.12898,  39.38027
 -76.12473,  39.38107
 -76.12316,  39.38119
 -76.11734,  39.38129
 -76.11152,  39.38155
 -76.10983,  39.38100
 -76.10574,  39.37766
 -76.10426,  39.37648
 -76.10225,  39.37197
 -76.10237,  39.36747
 -76.10002,  39.36535
 -76.09878,  39.36745
 -76.09820,  39.37195
 -76.09412,  39.37637
 -76.09402,  39.37643
 -76.08827,  39.37905
 -76.08689,  39.38089
 -76.08241,  39.38441
 -76.07898,  39.38535
 -76.07658,  39.38625
 -76.07076,  39.38688
 -76.06492,  39.38947
 -76.05910,  39.38972
 -76.05907,  39.38974
 -76.05910,  39.38976
 -76.06491,  39.39030
 -76.06916,  39.39429
 -76.07069,  39.39470
 -76.07649,  39.39613
 -76.08231,  39.39706
 -76.08812,  39.39750
 -76.09394,  39.39757
 -76.09977,  39.39598
 -76.10558,  39.39693
 -76.11140,  39.39688
 -76.11555,  39.39901
 -76.11472,  39.40351
 -76.11134,  39.40484
 -76.10550,  39.40684
 -76.10267,  39.40794
 -76.10101,  39.41244
 -76.10152,  39.41693
 -76.10075,  39.42143
 -76.09956,  39.42260
 -76.09698,  39.42591
 -76.09530,  39.43039
 -76.09698,  39.43489
 -76.09837,  39.43940
 -76.09356,  39.44374
 -76.09198,  39.44387
 -76.08773,  39.44401
 -76.08607,  39.44384
 -76.08192,  39.44275
 -76.07610,  39.44234
 -76.07027,  39.44352
 -76.06974,  39.44375
 -76.06443,  39.44556
 -76.05859,  39.44759
 -76.05812,  39.44819
 -76.05784,  39.45269
 -76.05651,  39.45717
 -76.05634,  39.46167
 -76.05846,  39.46311
 -76.06426,  39.46493
 -76.06528,  39.46621
 -76.06676,  39.47072
 -76.06419,  39.47383
 -76.06182,  39.47519
 -76.05833,  39.47663
 -76.05251,  39.47700
 -76.04667,  39.47821
 -76.04084,  39.47849
 -76.03502,  39.47871
 -76.02921,  39.47642
 -76.02337,  39.47804
 -76.01978,  39.47496
 -76.01759,  39.47260
 -76.01666,  39.47045
 -76.01183,  39.46611
 -76.00598,  39.46854
 -76.00303,  39.47038
 -76.00012,  39.47266
 -75.99477,  39.47033
 -75.99432,  39.47020
 -75.99086,  39.47030
 -75.98849,  39.47103
 -75.98712,  39.47478
 -75.98260,  39.47636
 -75.97678,  39.47685
 -75.97096,  39.47586
 -75.96513,  39.47650
 -75.95930,  39.47620
 -75.95348,  39.47680
 -75.94765,  39.47617
 -75.94184,  39.47504
 -75.93600,  39.47678
 -75.93229,  39.47895
 -75.93372,  39.48345
 -75.93591,  39.48540
 -75.93945,  39.48798
 -75.94167,  39.49209
 -75.94750,  39.49100
 -75.95332,  39.49236
 -75.95897,  39.49260
 -75.95332,  39.49288
 -75.94747,  39.49405
 -75.94493,  39.49701
 -75.94411,  39.50150
 -75.94154,  39.50387
 -75.93572,  39.50330
 -75.92990,  39.50285
 -75.92404,  39.50584
 -75.92371,  39.50587
 -75.91821,  39.50627
 -75.91238,  39.50597
 -75.90942,  39.50578
 -75.90656,  39.50545
 -75.90491,  39.50575
 -75.90238,  39.51023
 -75.90067,  39.51159
 -75.89481,  39.51342
 -75.89196,  39.51466
 -75.88897,  39.51517
 -75.88312,  39.51693
 -75.87727,  39.51831
 -75.87145,  39.51797
 -75.86731,  39.51899
 -75.86846,  39.52349
 -75.87138,  39.52410
 -75.87718,  39.52683
 -75.87880,  39.52806
 -75.87801,  39.53255
 -75.87711,  39.53321
 -75.87540,  39.53703
 -75.87388,  39.54151
 -75.87116,  39.54322
 -75.86534,  39.54237
 -75.85950,  39.54256
 -75.85763,  39.54140
 -75.85696,  39.53690
 -75.85629,  39.53240
 -75.85651,  39.52791
 -75.85963,  39.52343
 -75.85827,  39.51892
 -75.85397,  39.51813
 -75.84814,  39.51712
 -75.84232,  39.51672
 -75.83702,  39.51878
 -75.83646,  39.51942
 -75.83453,  39.52325
 -75.83056,  39.52551
 -75.82471,  39.52756
 -75.81888,  39.52708
 -75.81306,  39.52672
 -75.80723,  39.52628
 -75.80141,  39.52543
 -75.79558,  39.52575
 -75.78975,  39.52570
 -75.78393,  39.52523
 -75.77811,  39.52446
 -75.77348,  39.52280
 -75.77232,  39.52117
 -75.76651,  39.51938
 -75.76317,  39.51823
 -75.76070,  39.51760
 -75.75488,  39.51802
 -75.74906,  39.51654
 -75.74324,  39.51623
 -75.73743,  39.51420
 -75.73638,  39.51353
 -75.73335,  39.50900
 -75.73170,  39.50735
 -75.72597,  39.50445
 -75.72591,  39.50439
 -75.72076,  39.49991
 -75.72016,  39.49884
 -75.71437,  39.49602
 -75.71362,  39.49535
 -75.70858,  39.49315
 -75.70609,  39.49080
 -75.70866,  39.48746
 -75.71449,  39.48727
 -75.71875,  39.48640
 -75.72033,  39.48632
 -75.72167,  39.48643
 -75.72615,  39.48687
 -75.72753,  39.48648
 -75.73199,  39.48586
 -75.73783,  39.48443
 -75.74366,  39.48404
 -75.74736,  39.48213
 -75.74957,  39.47820
 -75.75536,  39.48028
 -75.76066,  39.47775
 -75.76123,  39.47752
 -75.76584,  39.47328
 -75.76501,  39.46878
 -75.76338,  39.46428
 -75.76230,  39.45977
 -75.76147,  39.45916
 -75.75928,  39.45975
 -75.75562,  39.46132
 -75.74976,  39.46302
 -75.74394,  39.46301
 -75.73892,  39.46408
 -75.73810,  39.46426
 -75.73770,  39.46407
 -75.73533,  39.45956
 -75.73820,  39.45644
 -75.74213,  39.45511
 -75.74406,  39.45417
 -75.74654,  39.45065
 -75.74998,  39.44674
 -75.75052,  39.44619
 -75.75587,  39.44201
 -75.75711,  39.44174
 -75.75588,  39.44086
 -75.75438,  39.43722
 -75.75013,  39.43553
 -75.74429,  39.43620
 -75.73848,  39.43600
 -75.73266,  39.43588
 -75.72684,  39.43522
 -75.72103,  39.43434
 -75.71663,  39.43242
 -75.71529,  39.42879
 -75.71482,  39.42791
 -75.71531,  39.42738
 -75.72116,  39.42462
 -75.72699,  39.42407
 -75.73054,  39.42355
 -75.73283,  39.42322
 -75.73867,  39.42171
 -75.74448,  39.42239
 -75.75028,  39.42367
 -75.75611,  39.42321
 -75.76192,  39.42355
 -75.76775,  39.42309
 -75.77358,  39.42245
 -75.77882,  39.41943
 -75.77945,  39.41914
 -75.78046,  39.41944
 -75.78524,  39.42134
 -75.79105,  39.42251
 -75.79309,  39.42403
 -75.79683,  39.42556
 -75.80264,  39.42585
 -75.80848,  39.42475
 -75.81036,  39.42416
 -75.81433,  39.42241
 -75.81906,  39.41972
 -75.82023,  39.41612
 -75.82154,  39.41525
 -75.82610,  39.41222
 -75.83193,  39.41087
 -75.83774,  39.41176
 -75.83945,  39.41088
 -75.83778,  39.40867
 -75.83194,  39.40997
 -75.83156,  39.40632
 -75.83202,  39.40409
 -75.83217,  39.40183
 -75.83205,  39.40133
 -75.82930,  39.39732
 -75.82658,  39.39280
 -75.82690,  39.38830
 -75.83224,  39.38457
 -75.83807,  39.38448
 -75.84388,  39.38484
 -75.84969,  39.38554
 -75.85550,  39.38602
 -75.86132,  39.38589
 -75.86713,  39.38654
 -75.87295,  39.38648
 -75.87878,  39.38578
 -75.88459,  39.38589
 -75.89041,  39.38575
 -75.89621,  39.38736
 -75.90202,  39.38796
 -75.90362,  39.38883
 -75.90654,  39.39334
 -75.90778,  39.39384
 -75.91360,  39.39345
 -75.91606,  39.39341
 -75.91942,  39.39325
 -75.91964,  39.39343
 -75.92522,  39.39538
 -75.93102,  39.39624
 -75.93683,  39.39773
 -75.93904,  39.39805
 -75.94264,  39.39838
 -75.94720,  39.40260
 -75.94841,  39.40292
 -75.95423,  39.40277
 -75.96004,  39.40435
 -75.96586,  39.40403
 -75.97168,  39.40413
 -75.97689,  39.40277
 -75.97752,  39.40173
 -75.98337,  39.39910
 -75.98436,  39.39832
 -75.98338,  39.39706
 -75.97759,  39.39481
 -75.97178,  39.39384
 -75.96596,  39.39439
 -75.96012,  39.39606
 -75.95431,  39.39550
 -75.94850,  39.39448
 -75.94611,  39.39360
 -75.94448,  39.38909
 -75.94276,  39.38656
 -75.93999,  39.38457
 -75.93699,  39.38236
 -75.93528,  39.38004
 -75.93703,  39.37849
 -75.94286,  39.37728
 -75.94868,  39.37715
 -75.95450,  39.37705
 -75.96032,  39.37667
 -75.96614,  39.37612
 -75.97196,  39.37592
 -75.97777,  39.37711
 -75.98357,  39.37867
 -75.98538,  39.38034
 -75.98618,  39.38484
 -75.98737,  39.38934
 -75.98924,  39.39336
 -75.99506,  39.39343
 -76.00012,  39.39392
 -76.00087,  39.39394
 -76.00100,  39.39392
 -76.00671,  39.39212
 -76.01254,  39.39158
 -76.01836,  39.39008
 -76.02418,  39.39021
 -76.02841,  39.38958
 -76.03001,  39.38857
 -76.03505,  39.38512
 -76.03470,  39.38062
 -76.03235,  39.37611
 -76.03014,  39.37424
 -76.02737,  39.37159
 -76.02438,  39.36841
 -76.02251,  39.36706
 -76.01860,  39.36486
 -76.01398,  39.36252
 -76.01468,  39.35803
 -76.01868,  39.35554
 -76.02451,  39.35380
 -76.03033,  39.35389
 -76.03383,  39.35363
 -76.03615,  39.35337
 -76.03870,  39.35366
 -76.04196,  39.35384
 -76.04778,  39.35379
 -76.05316,  39.35374
 -76.05360,  39.35372
 -76.05372,  39.35374
 -76.05940,  39.35442
 -76.06404,  39.35379
 -76.06524,  39.35192
 -76.07106,  39.35107
 -76.07214,  39.34934
 -76.07108,  39.34852
 -76.06526,  39.34889
 -76.05946,  39.34691
 -76.05367,  39.34583
 -76.04887,  39.34472
 -76.04786,  39.34449
 -76.04205,  39.34398
 -76.03625,  39.34186
 -76.03471,  39.34015
 -76.03630,  39.33648
 -76.03704,  39.33567
 -76.04214,  39.33361
 -76.04797,  39.33251
 -76.05378,  39.33245
 -76.05958,  39.33399
 -76.06539,  39.33455
 -76.07030,  39.33584
END
 -12.00000, -75.95036,  39.33966
 -75.94906,  39.34028
 -75.94788,  39.33965
 -75.94907,  39.33909
 -75.95036,  39.33966
END
 -12.00000, -75.93503,  39.33957
 -75.93159,  39.34208
 -75.92759,  39.33952
 -75.93166,  39.33675
 -75.93503,  39.33957
END
 -12.00000, -75.81406,  39.33875
 -75.80950,  39.34167
 -75.80788,  39.33870
 -75.80955,  39.33764
 -75.81406,  39.33875
END
 -12.00000, -75.85300,  39.34802
 -75.85506,  39.35253
 -75.85587,  39.35482
 -75.86167,  39.35543
 -75.86749,  39.35516
 -75.87330,  39.35542
 -75.87911,  39.35574
 -75.88493,  39.35572
 -75.89075,  39.35475
 -75.89657,  39.35469
 -75.90238,  39.35500
 -75.90820,  39.35553
 -75.91401,  39.35572
 -75.91982,  39.35532
 -75.92542,  39.35749
 -75.92561,  39.35815
 -75.93063,  39.36202
 -75.92556,  39.36311
 -75.91972,  39.36526
 -75.91390,  39.36540
 -75.90809,  39.36535
 -75.90226,  39.36605
 -75.89922,  39.36631
 -75.89644,  39.36658
 -75.89295,  39.36628
 -75.89063,  39.36609
 -75.88964,  39.36625
 -75.88480,  39.36703
 -75.87898,  39.36770
 -75.87315,  39.36818
 -75.86734,  39.36848
 -75.86310,  39.37057
 -75.86149,  39.37100
 -75.85989,  39.37055
 -75.85572,  39.36696
 -75.85390,  39.36601
 -75.85422,  39.36152
 -75.85409,  39.35702
 -75.85004,  39.35578
 -75.84423,  39.35464
 -75.83844,  39.35306
 -75.83575,  39.35239
 -75.83268,  39.34838
 -75.83242,  39.34787
 -75.83269,  39.34771
 -75.83851,  39.34678
 -75.84432,  39.34718
 -75.85014,  39.34643
 -75.85300,  39.34802
END
 -12.00000, -76.00173,  39.36245
 -76.00117,  39.36264
 -76.00099,  39.36244
 -76.00118,  39.36120
 -76.00173,  39.36245
END
 -12.00000, -75.83971,  39.37041
 -75.83823,  39.37112
 -75.83241,  39.37090
 -75.82660,  39.37056
 -75.82076,  39.37202
 -75.81841,  39.37026
 -75.82082,  39.36763
 -75.82660,  39.37012
 -75.83242,  39.36990
 -75.83825,  39.36864
 -75.83971,  39.37041
END
 -12.00000, -76.15769,  39.39021
 -76.15217,  39.39231
 -76.14636,  39.39061
 -76.14573,  39.39016
 -76.14637,  39.38971
 -76.15220,  39.38731
 -76.15769,  39.39021
END
 -12.00000, -76.03400,  39.38961
 -76.03582,  39.38978
 -76.04163,  39.39001
 -76.04259,  39.38966
 -76.04165,  39.38910
 -76.03584,  39.38760
 -76.03400,  39.38961
END
 -12.00000, -75.88536,  39.39770
 -75.88441,  39.40173
 -75.88337,  39.39769
 -75.87865,  39.39693
 -75.87531,  39.39764
 -75.87505,  39.40213
 -75.87858,  39.40303
 -75.88441,  39.40223
 -75.89022,  39.40303
 -75.89253,  39.40224
 -75.89417,  39.39776
 -75.89029,  39.39687
 -75.88536,  39.39770
END
 -12.00000, -75.94788,  39.41609
 -75.94245,  39.41693
 -75.93661,  39.41816
 -75.93206,  39.42049
 -75.93458,  39.42500
 -75.93653,  39.42583
 -75.94234,  39.42688
 -75.94817,  39.42702
 -75.95399,  39.42653
 -75.95879,  39.42515
 -75.95983,  39.42496
 -75.96566,  39.42422
 -75.97147,  39.42434
 -75.97730,  39.42398
 -75.98312,  39.42374
 -75.98550,  39.42081
 -75.98318,  39.41814
 -75.97737,  39.41675
 -75.97632,  39.41626
 -75.97157,  39.41562
 -75.96574,  39.41535
 -75.95993,  39.41458
 -75.95410,  39.41579
 -75.94828,  39.41606
 -75.94788,  39.41609
END
 -12.00000, -76.14304,  39.43061
 -76.14023,  39.43217
 -76.13441,  39.43190
 -76.12858,  39.43257
 -76.12743,  39.43054
 -76.12861,  39.42920
 -76.13442,  39.42992
 -76.14025,  39.42926
 -76.14304,  39.43061
END
 -12.00000, -76.04395,  39.43013
 -76.04706,  39.43454
 -76.05288,  39.43452
 -76.05871,  39.43390
 -76.06396,  39.43024
 -76.05876,  39.42823
 -76.05294,  39.42810
 -76.04711,  39.42848
 -76.04395,  39.43013
END
 -12.00000, -75.98769,  39.42982
 -75.98888,  39.43061
 -75.99196,  39.42984
 -75.98891,  39.42733
 -75.98769,  39.42982
END
 -12.00000, -76.03897,  39.43910
 -76.04119,  39.43999
 -76.04216,  39.43911
 -76.04121,  39.43726
 -76.03897,  39.43910
END
 -12.00000, -75.88694,  39.45167
 -75.88966,  39.45348
 -75.89548,  39.45297
 -75.90130,  39.45373
 -75.90710,  39.45577
 -75.91296,  39.45236
 -75.91315,  39.45184
 -75.91297,  39.45166
 -75.90717,  39.45033
 -75.90135,  39.44926
 -75.89551,  39.45093
 -75.88972,  39.44830
 -75.88694,  39.45167
END
 -12.00000, -75.84753,  39.45140
 -75.84892,  39.45168
 -75.84976,  39.45142
 -75.84892,  39.45059
 -75.84753,  39.45140
END
 -12.00000, -75.73367,  39.45055
 -75.73242,  39.45344
 -75.72661,  39.45291
 -75.72078,  39.45323
 -75.71505,  39.45040
 -75.72087,  39.44638
 -75.72668,  39.44762
 -75.73248,  39.44862
 -75.73367,  39.45055
END
 -12.00000, -75.71206,  39.45037
 -75.70917,  39.45038
 -75.70913,  39.45035
 -75.70917,  39.45030
 -75.71206,  39.45037
END
 -12.00000, -76.04095,  39.46159
 -76.04099,  39.46160
 -76.04102,  39.46159
 -76.04099,  39.46155
 -76.04095,  39.46159
END
 -12.00000, -75.78758,  39.45996
 -75.78664,  39.46445
 -75.79050,  39.46592
 -75.79559,  39.46901
 -75.79628,  39.46946
 -75.80209,  39.47064
 -75.80789,  39.47279
 -75.81374,  39.47061
 -75.81442,  39.46915
 -75.81378,  39.46752
 -75.81247,  39.46464
 -75.81290,  39.46015
 -75.80807,  39.45753
 -75.80225,  39.45776
 -75.79642,  39.45831
 -75.79060,  39.45832
 -75.78758,  39.45996
END
 -12.00000, -75.81898,  39.47818
 -75.81946,  39.47948
 -75.82061,  39.47819
 -75.81948,  39.47760
 -75.81898,  39.47818
END
 -12.00000, -75.76187,  39.47775
 -75.76703,  39.47919
 -75.77287,  39.47852
 -75.77649,  39.47786
 -75.77290,  39.47615
 -75.76708,  39.47506
 -75.76187,  39.47775
END
 -12.00000, -75.84023,  39.48283
 -75.83689,  39.48315
 -75.83234,  39.48727
 -75.83247,  39.49176
 -75.83411,  39.49627
 -75.83672,  39.49724
 -75.84254,  39.49820
 -75.84837,  39.49798
 -75.85330,  39.49641
 -75.85422,  39.49618
 -75.86007,  39.49424
 -75.86543,  39.49199
 -75.86589,  39.48750
 -75.86017,  39.48551
 -75.85436,  39.48363
 -75.85102,  39.48290
 -75.84856,  39.48217
 -75.84273,  39.48261
 -75.84023,  39.48283
END
 -12.00000, -76.01514,  39.48843
 -76.01585,  39.49293
 -76.01738,  39.49552
 -76.01931,  39.49744
 -76.01735,  39.49894
 -76.01154,  39.49786
 -76.00571,  39.49799
 -76.00411,  39.49736
 -75.99989,  39.49644
 -75.99586,  39.49731
 -75.99405,  39.49811
 -75.98902,  39.49727
 -75.98823,  39.49718
 -75.98241,  39.49595
 -75.97660,  39.49512
 -75.97077,  39.49495
 -75.96495,  39.49446
 -75.95915,  39.49260
 -75.96500,  39.48961
 -75.96561,  39.48814
 -75.97086,  39.48610
 -75.97668,  39.48665
 -75.98251,  39.48586
 -75.98836,  39.48453
 -75.99418,  39.48436
 -76.00000,  39.48517
 -76.00582,  39.48529
 -76.01165,  39.48560
 -76.01514,  39.48843
END
 -12.00000, -75.74706,  39.48663
 -75.74812,  39.49113
 -75.74939,  39.49191
 -75.75114,  39.49116
 -75.75288,  39.48668
 -75.74949,  39.48389
 -75.74706,  39.48663
END
 -12.00000, -75.89946,  39.50122
 -75.90074,  39.50446
 -75.90268,  39.50124
 -75.90079,  39.50063
 -75.89946,  39.50122
END
 -12.00000, -75.69217,  39.49967
 -75.69096,  39.50271
 -75.68924,  39.49965
 -75.69102,  39.49857
 -75.69217,  39.49967
END
 -12.00000, -76.00150,  39.51983
 -75.99964,  39.52296
 -75.99380,  39.52304
 -75.98798,  39.52297
 -75.98327,  39.51972
 -75.98805,  39.51527
 -75.99387,  39.51659
 -75.99969,  39.51769
 -76.00150,  39.51983
END
 -12.00000, -75.97526,  39.51967
 -75.97050,  39.52178
 -75.96719,  39.51963
 -75.97056,  39.51623
 -75.97526,  39.51967
END
 -12.00000, -75.74887,  39.54060
 -75.74874,  39.54065
 -75.74869,  39.54060
 -75.74875,  39.54050
 -75.74887,  39.54060
END
END
