 -13.00000, -74.75483,  39.45216
 -74.75972,  39.45643
 -74.75993,  39.45674
 -74.76036,  39.46124
 -74.75990,  39.46573
 -74.75943,  39.46705
 -74.75732,  39.47018
 -74.75342,  39.47385
 -74.74758,  39.47441
 -74.74235,  39.46994
 -74.74189,  39.46931
 -74.73856,  39.46539
 -74.73627,  39.46199
 -74.73584,  39.46084
 -74.73634,  39.45964
 -74.73839,  39.45639
 -74.74235,  39.45279
 -74.74345,  39.45197
 -74.74831,  39.44799
 -74.75404,  39.45147
 -74.75483,  39.45216
END
 -13.00000, -74.70731,  39.47836
 -74.71240,  39.48221
 -74.71268,  39.48294
 -74.71600,  39.48749
 -74.71677,  39.49201
 -74.71785,  39.49594
 -74.71803,  39.49652
 -74.71780,  39.49775
 -74.71717,  39.50101
 -74.71608,  39.50549
 -74.71369,  39.50994
 -74.71155,  39.51275
 -74.70569,  39.51384
 -74.69986,  39.51389
 -74.69405,  39.51318
 -74.68825,  39.51211
 -74.68535,  39.50947
 -74.68259,  39.50593
 -74.68153,  39.50491
 -74.68001,  39.50039
 -74.67929,  39.49587
 -74.68055,  39.49140
 -74.68312,  39.48694
 -74.68314,  39.48694
 -74.68739,  39.48252
 -74.68919,  39.47876
 -74.69183,  39.47810
 -74.69505,  39.47770
 -74.70093,  39.47579
 -74.70670,  39.47807
 -74.70731,  39.47836
END
 -13.00000, -74.94576,  39.50009
 -74.94756,  39.50461
 -74.95068,  39.50766
 -74.95230,  39.50918
 -74.95526,  39.51372
 -74.95634,  39.51462
 -74.96212,  39.51674
 -74.96794,  39.51690
 -74.97115,  39.51845
 -74.97369,  39.52000
 -74.97679,  39.52303
 -74.97942,  39.52432
 -74.98315,  39.52761
 -74.98512,  39.52981
 -74.98737,  39.53217
 -74.99081,  39.53573
 -74.99160,  39.53673
 -74.99401,  39.54126
 -74.99633,  39.54579
 -74.99639,  39.54612
 -74.99751,  39.55030
 -74.99800,  39.55481
 -74.99789,  39.55930
 -74.99866,  39.56381
 -74.99995,  39.56833
 -75.00034,  39.57283
 -75.00149,  39.57701
 -75.00161,  39.57734
 -75.00225,  39.58185
 -75.00134,  39.58339
 -74.99957,  39.58631
 -74.99826,  39.59079
 -74.99892,  39.59529
 -74.99931,  39.59980
 -75.00092,  39.60102
 -75.00482,  39.59987
 -75.00681,  39.59855
 -75.01261,  39.59985
 -75.01276,  39.59999
 -75.01808,  39.60456
 -75.01833,  39.60493
 -75.02093,  39.60910
 -75.02397,  39.61318
 -75.02429,  39.61364
 -75.02879,  39.61820
 -75.02962,  39.62146
 -75.03178,  39.61824
 -75.03557,  39.61650
 -75.03780,  39.61383
 -75.04155,  39.61041
 -75.04214,  39.60939
 -75.04298,  39.60491
 -75.04470,  39.60043
 -75.04418,  39.59593
 -75.04414,  39.59143
 -75.04365,  39.58693
 -75.04349,  39.58243
 -75.04410,  39.57794
 -75.04675,  39.57348
 -75.04762,  39.56900
 -75.04837,  39.56802
 -75.05242,  39.56456
 -75.05437,  39.56108
 -75.05520,  39.56010
 -75.05785,  39.55564
 -75.06039,  39.55276
 -75.06237,  39.55121
 -75.06632,  39.54831
 -75.06887,  39.54680
 -75.07223,  39.54518
 -75.07619,  39.54240
 -75.07819,  39.53793
 -75.07822,  39.53789
 -75.08351,  39.53350
 -75.08417,  39.53288
 -75.08755,  39.52906
 -75.09013,  39.52706
 -75.09592,  39.52866
 -75.10177,  39.52822
 -75.10295,  39.52927
 -75.10264,  39.53376
 -75.10352,  39.53827
 -75.10227,  39.54275
 -75.10139,  39.54482
 -75.10038,  39.54723
 -75.10007,  39.55172
 -75.09786,  39.55618
 -75.09737,  39.56068
 -75.09707,  39.56517
 -75.09784,  39.56968
 -75.09612,  39.57415
 -75.09499,  39.57863
 -75.09480,  39.57901
 -75.09274,  39.58310
 -75.08973,  39.58756
 -75.08871,  39.58982
 -75.08785,  39.59203
 -75.08434,  39.59648
 -75.08283,  39.60095
 -75.08261,  39.60164
 -75.08106,  39.60543
 -75.08120,  39.60992
 -75.08167,  39.61443
 -75.08230,  39.61551
 -75.08524,  39.61897
 -75.08801,  39.62120
 -75.09111,  39.62355
 -75.09376,  39.62506
 -75.09885,  39.62815
 -75.09950,  39.62913
 -75.10120,  39.63268
 -75.10466,  39.63722
 -75.10490,  39.64172
 -75.10121,  39.64617
 -75.09908,  39.64802
 -75.09674,  39.65061
 -75.09310,  39.65396
 -75.08852,  39.65500
 -75.08723,  39.65540
 -75.08632,  39.65496
 -75.08144,  39.65313
 -75.07677,  39.65034
 -75.07567,  39.64994
 -75.06985,  39.64938
 -75.06406,  39.64717
 -75.05824,  39.64588
 -75.05698,  39.64558
 -75.05244,  39.64427
 -75.04661,  39.64391
 -75.04073,  39.64533
 -75.04066,  39.64535
 -75.03582,  39.64978
 -75.03476,  39.65102
 -75.03217,  39.65423
 -75.03118,  39.65871
 -75.03215,  39.66322
 -75.03400,  39.66774
 -75.03436,  39.66851
 -75.03559,  39.67226
 -75.03731,  39.67678
 -75.03992,  39.68023
 -75.04027,  39.68132
 -75.03988,  39.68209
 -75.03397,  39.68478
 -75.03293,  39.68571
 -75.02805,  39.68830
 -75.02302,  39.69007
 -75.02216,  39.69036
 -75.01627,  39.69177
 -75.01044,  39.69122
 -75.00790,  39.68986
 -75.00470,  39.68714
 -75.00353,  39.68530
 -74.99897,  39.68237
 -74.99767,  39.68073
 -74.99887,  39.67624
 -74.99921,  39.67241
 -74.99928,  39.67175
 -75.00023,  39.66727
 -75.00208,  39.66280
 -75.00344,  39.65832
 -74.99963,  39.65467
 -74.99379,  39.65469
 -74.98795,  39.65470
 -74.98212,  39.65441
 -74.97626,  39.65482
 -74.97040,  39.65582
 -74.96767,  39.65780
 -74.96442,  39.66129
 -74.96351,  39.66224
 -74.95848,  39.66539
 -74.95573,  39.66663
 -74.95252,  39.66994
 -74.94669,  39.66978
 -74.94118,  39.66641
 -74.94093,  39.66627
 -74.93779,  39.66187
 -74.93795,  39.65737
 -74.94103,  39.65292
 -74.94127,  39.65252
 -74.94302,  39.64845
 -74.94659,  39.64401
 -74.94736,  39.64249
 -74.94943,  39.63955
 -74.95090,  39.63508
 -74.95303,  39.63061
 -74.95185,  39.62609
 -74.95078,  39.62158
 -74.94868,  39.61706
 -74.94801,  39.61624
 -74.94221,  39.61472
 -74.93634,  39.61579
 -74.93208,  39.61681
 -74.93046,  39.61777
 -74.92860,  39.62126
 -74.92445,  39.62470
 -74.92351,  39.62568
 -74.91850,  39.62894
 -74.91694,  39.63008
 -74.91355,  39.63453
 -74.91250,  39.63530
 -74.90659,  39.63784
 -74.90073,  39.63883
 -74.89481,  39.64183
 -74.89133,  39.64319
 -74.88890,  39.64471
 -74.88441,  39.64309
 -74.88312,  39.64241
 -74.87837,  39.63849
 -74.87978,  39.63402
 -74.87847,  39.62951
 -74.87769,  39.62661
 -74.87717,  39.62498
 -74.87389,  39.62044
 -74.87204,  39.61917
 -74.86621,  39.61871
 -74.86034,  39.62007
 -74.85450,  39.62003
 -74.85413,  39.62013
 -74.84862,  39.62180
 -74.84663,  39.62002
 -74.84292,  39.61643
 -74.84130,  39.61544
 -74.83717,  39.61328
 -74.83272,  39.61081
 -74.83141,  39.61003
 -74.82996,  39.61076
 -74.82549,  39.61352
 -74.82423,  39.61517
 -74.81954,  39.61742
 -74.81680,  39.61955
 -74.81355,  39.62344
 -74.81261,  39.62398
 -74.80762,  39.62672
 -74.80526,  39.62836
 -74.80299,  39.63283
 -74.80157,  39.63456
 -74.79831,  39.63725
 -74.79559,  39.63949
 -74.79201,  39.64165
 -74.78967,  39.64258
 -74.78857,  39.64159
 -74.78426,  39.63702
 -74.78399,  39.63689
 -74.77824,  39.63334
 -74.77705,  39.63241
 -74.77323,  39.62785
 -74.77256,  39.62751
 -74.76728,  39.62776
 -74.76672,  39.62781
 -74.76154,  39.63216
 -74.76074,  39.63260
 -74.75571,  39.63656
 -74.75476,  39.63787
 -74.75228,  39.64101
 -74.74873,  39.64545
 -74.74871,  39.64545
 -74.74483,  39.64988
 -74.74267,  39.65267
 -74.74067,  39.65430
 -74.73669,  39.65784
 -74.73566,  39.65872
 -74.73260,  39.66317
 -74.73067,  39.66423
 -74.72478,  39.66573
 -74.71893,  39.66618
 -74.71307,  39.66693
 -74.71033,  39.66730
 -74.70719,  39.66793
 -74.70190,  39.67166
 -74.70124,  39.67200
 -74.69534,  39.67371
 -74.69208,  39.67599
 -74.68938,  39.67812
 -74.68584,  39.68038
 -74.68341,  39.68245
 -74.68077,  39.68480
 -74.67741,  39.68785
 -74.67525,  39.68920
 -74.67148,  39.69096
 -74.66562,  39.69148
 -74.66011,  39.68894
 -74.66203,  39.68447
 -74.66195,  39.67998
 -74.66019,  39.67719
 -74.65430,  39.67878
 -74.64845,  39.67879
 -74.64608,  39.67971
 -74.64252,  39.68168
 -74.63667,  39.68236
 -74.63081,  39.68252
 -74.62496,  39.68288
 -74.61909,  39.68362
 -74.61692,  39.68370
 -74.61324,  39.68382
 -74.60733,  39.68607
 -74.60471,  39.68798
 -74.60273,  39.69245
 -74.60133,  39.69692
 -74.60117,  39.70141
 -74.60103,  39.70154
 -74.59705,  39.70134
 -74.59520,  39.70111
 -74.59479,  39.70130
 -74.58929,  39.70322
 -74.58350,  39.70124
 -74.58132,  39.70106
 -74.57768,  39.70031
 -74.57506,  39.69645
 -74.57200,  39.69497
 -74.56840,  39.69184
 -74.56628,  39.69072
 -74.56196,  39.68722
 -74.56056,  39.68674
 -74.55472,  39.68665
 -74.54890,  39.68600
 -74.54636,  39.68694
 -74.54292,  39.69028
 -74.54158,  39.69136
 -74.53880,  39.69580
 -74.53683,  39.69808
 -74.53593,  39.70025
 -74.53666,  39.70380
 -74.53712,  39.70477
 -74.53654,  39.70787
 -74.53634,  39.70925
 -74.53472,  39.71372
 -74.53041,  39.71707
 -74.52921,  39.71811
 -74.52559,  39.72255
 -74.52435,  39.72398
 -74.51981,  39.72694
 -74.51837,  39.72816
 -74.51244,  39.73072
 -74.50662,  39.72988
 -74.50094,  39.72659
 -74.50088,  39.72657
 -74.49561,  39.72200
 -74.49518,  39.72174
 -74.49052,  39.71740
 -74.48949,  39.71672
 -74.48373,  39.71375
 -74.48119,  39.71274
 -74.47800,  39.71030
 -74.47288,  39.70808
 -74.47224,  39.70743
 -74.46764,  39.70349
 -74.46655,  39.70247
 -74.46252,  39.69889
 -74.46090,  39.69638
 -74.46043,  39.69436
 -74.46034,  39.68986
 -74.45855,  39.68533
 -74.45731,  39.68081
 -74.45559,  39.67955
 -74.45222,  39.67622
 -74.44989,  39.67494
 -74.44408,  39.67379
 -74.43826,  39.67320
 -74.43246,  39.67158
 -74.42651,  39.67528
 -74.42615,  39.67572
 -74.42169,  39.68013
 -74.42047,  39.68127
 -74.41772,  39.68456
 -74.41630,  39.68903
 -74.41457,  39.69349
 -74.41413,  39.69652
 -74.41393,  39.69798
 -74.41267,  39.70245
 -74.41080,  39.70691
 -74.40786,  39.70961
 -74.40678,  39.71133
 -74.40187,  39.71414
 -74.39609,  39.71562
 -74.39597,  39.71565
 -74.39011,  39.71601
 -74.38428,  39.71566
 -74.38366,  39.71538
 -74.37849,  39.71391
 -74.37429,  39.71071
 -74.37283,  39.70827
 -74.37080,  39.70614
 -74.36920,  39.70161
 -74.36894,  39.69711
 -74.36898,  39.69261
 -74.36935,  39.68812
 -74.37061,  39.68364
 -74.37094,  39.67916
 -74.37093,  39.67466
 -74.36945,  39.67013
 -74.37091,  39.66566
 -74.37014,  39.66115
 -74.37108,  39.65667
 -74.37085,  39.65216
 -74.37117,  39.64767
 -74.37184,  39.64319
 -74.37215,  39.63870
 -74.37452,  39.63425
 -74.37533,  39.63218
 -74.37711,  39.62980
 -74.37732,  39.62531
 -74.37724,  39.62081
 -74.37935,  39.61635
 -74.38177,  39.61372
 -74.38403,  39.61194
 -74.38777,  39.60896
 -74.39362,  39.60834
 -74.39513,  39.60766
 -74.39952,  39.60671
 -74.40546,  39.60351
 -74.40562,  39.60337
 -74.41143,  39.59932
 -74.41171,  39.59898
 -74.41725,  39.59459
 -74.41743,  39.59439
 -74.42337,  39.59109
 -74.42920,  39.59147
 -74.43144,  39.59036
 -74.43517,  39.58713
 -74.43679,  39.58597
 -74.44115,  39.58278
 -74.44189,  39.58157
 -74.44207,  39.57708
 -74.44360,  39.57261
 -74.44540,  39.56815
 -74.44750,  39.56651
 -74.45043,  39.56374
 -74.45348,  39.56189
 -74.45622,  39.55935
 -74.45946,  39.55736
 -74.46527,  39.55797
 -74.47115,  39.55662
 -74.47701,  39.55585
 -74.47813,  39.55527
 -74.48293,  39.55318
 -74.48557,  39.55090
 -74.48766,  39.54644
 -74.48854,  39.54197
 -74.48916,  39.53748
 -74.48927,  39.53697
 -74.49036,  39.53300
 -74.49058,  39.52851
 -74.49545,  39.52575
 -74.49850,  39.52415
 -74.50136,  39.52301
 -74.50723,  39.52170
 -74.51306,  39.52160
 -74.51888,  39.52194
 -74.52471,  39.52208
 -74.53046,  39.52459
 -74.53284,  39.52479
 -74.53628,  39.52513
 -74.54209,  39.52580
 -74.54790,  39.52621
 -74.55373,  39.52671
 -74.55957,  39.52618
 -74.56540,  39.52623
 -74.56950,  39.52544
 -74.57126,  39.52528
 -74.57710,  39.52513
 -74.58294,  39.52465
 -74.58878,  39.52428
 -74.59460,  39.52477
 -74.59980,  39.52598
 -74.60039,  39.52614
 -74.60609,  39.53043
 -74.60632,  39.53060
 -74.60818,  39.53513
 -74.60974,  39.53965
 -74.60946,  39.54415
 -74.61025,  39.54865
 -74.61053,  39.55315
 -74.61121,  39.55452
 -74.61426,  39.55772
 -74.61622,  39.56225
 -74.61671,  39.56578
 -74.61700,  39.56676
 -74.61663,  39.56864
 -74.61627,  39.57125
 -74.61626,  39.57574
 -74.61559,  39.58023
 -74.61626,  39.58152
 -74.61966,  39.58480
 -74.62195,  39.58644
 -74.62588,  39.58941
 -74.62768,  39.58993
 -74.63258,  39.58952
 -74.63356,  39.58853
 -74.63535,  39.58507
 -74.63955,  39.58324
 -74.64041,  39.58067
 -74.64082,  39.57617
 -74.64072,  39.57167
 -74.64060,  39.56717
 -74.64340,  39.56273
 -74.64605,  39.56023
 -74.64841,  39.55832
 -74.65199,  39.55680
 -74.65784,  39.55576
 -74.66167,  39.55404
 -74.66376,  39.55297
 -74.66717,  39.54964
 -74.66978,  39.54631
 -74.67167,  39.54522
 -74.67577,  39.54100
 -74.67754,  39.54082
 -74.68162,  39.54037
 -74.68754,  39.53724
 -74.68851,  39.53651
 -74.69347,  39.53342
 -74.69515,  39.53212
 -74.69794,  39.52767
 -74.69950,  39.52664
 -74.70541,  39.52374
 -74.71125,  39.52343
 -74.71703,  39.52541
 -74.72160,  39.52806
 -74.72276,  39.52911
 -74.72433,  39.53261
 -74.72749,  39.53716
 -74.72827,  39.54024
 -74.72961,  39.54169
 -74.73402,  39.54357
 -74.73978,  39.54607
 -74.74258,  39.54640
 -74.74558,  39.54703
 -74.74678,  39.54647
 -74.75149,  39.54443
 -74.75310,  39.54208
 -74.75420,  39.53760
 -74.75708,  39.53315
 -74.75773,  39.52951
 -74.75793,  39.52866
 -74.76138,  39.52422
 -74.76377,  39.52157
 -74.76519,  39.51979
 -74.76747,  39.51533
 -74.76984,  39.51279
 -74.77379,  39.51093
 -74.77573,  39.51052
 -74.77868,  39.51101
 -74.78154,  39.51152
 -74.78735,  39.51204
 -74.79317,  39.51236
 -74.79897,  39.51351
 -74.80480,  39.51354
 -74.81062,  39.51379
 -74.81404,  39.51157
 -74.81657,  39.50957
 -74.82182,  39.50720
 -74.82246,  39.50698
 -74.82834,  39.50515
 -74.83416,  39.50546
 -74.83995,  39.50679
 -74.84122,  39.50750
 -74.84369,  39.51204
 -74.84557,  39.51523
 -74.84637,  39.51658
 -74.84737,  39.52109
 -74.84613,  39.52557
 -74.84523,  39.52787
 -74.84456,  39.53004
 -74.84409,  39.53453
 -74.84227,  39.53900
 -74.84194,  39.54350
 -74.84132,  39.54798
 -74.84127,  39.55247
 -74.84140,  39.55697
 -74.84116,  39.56147
 -74.84183,  39.56598
 -74.84228,  39.57048
 -74.84293,  39.57499
 -74.84392,  39.57825
 -74.84464,  39.57951
 -74.84803,  39.58406
 -74.84955,  39.58599
 -74.85538,  39.58628
 -74.86126,  39.58456
 -74.86196,  39.58428
 -74.86715,  39.58246
 -74.87299,  39.58205
 -74.87883,  39.58210
 -74.88470,  39.58064
 -74.89051,  39.58151
 -74.89632,  39.58239
 -74.90216,  39.58254
 -74.90802,  39.58131
 -74.91387,  39.58092
 -74.91965,  39.58329
 -74.92340,  39.58071
 -74.92385,  39.57622
 -74.92216,  39.57169
 -74.92001,  39.56840
 -74.91778,  39.56713
 -74.91425,  39.56555
 -74.90849,  39.56292
 -74.90788,  39.56249
 -74.90583,  39.55796
 -74.90345,  39.55342
 -74.90295,  39.55145
 -74.90218,  39.54891
 -74.89986,  39.54438
 -74.89738,  39.54103
 -74.89677,  39.53983
 -74.89685,  39.53534
 -74.89533,  39.53082
 -74.89564,  39.52632
 -74.89592,  39.52183
 -74.89764,  39.51736
 -74.89798,  39.51706
 -74.90392,  39.51312
 -74.90427,  39.51296
 -74.90955,  39.50855
 -74.90986,  39.50841
 -74.91573,  39.50686
 -74.92036,  39.50421
 -74.92164,  39.50359
 -74.92667,  39.49981
 -74.92759,  39.49867
 -74.93346,  39.49677
 -74.93931,  39.49605
 -74.94505,  39.49946
 -74.94576,  39.50009
END
 -13.00000, -75.72120,  39.53139
 -75.71968,  39.53390
 -75.71835,  39.53137
 -75.71976,  39.52791
 -75.72120,  39.53139
END
 -13.00000, -75.15611,  39.54796
 -75.15919,  39.55249
 -75.15954,  39.55309
 -75.16076,  39.55701
 -75.16024,  39.56150
 -75.15932,  39.56312
 -75.15618,  39.56594
 -75.15337,  39.56834
 -75.14908,  39.57035
 -75.14748,  39.57097
 -75.14162,  39.57241
 -75.13580,  39.57186
 -75.12997,  39.57108
 -75.12943,  39.57010
 -75.12934,  39.56560
 -75.13013,  39.56388
 -75.13130,  39.56112
 -75.13211,  39.55664
 -75.13622,  39.55249
 -75.13677,  39.55220
 -75.14212,  39.54922
 -75.14399,  39.54780
 -75.14801,  39.54647
 -75.15383,  39.54710
 -75.15611,  39.54796
END
 -13.00000, -75.21543,  39.57119
 -75.21745,  39.57249
 -75.22225,  39.57577
 -75.22321,  39.57642
 -75.22611,  39.58031
 -75.22762,  39.58483
 -75.22785,  39.58933
 -75.22874,  39.59114
 -75.23086,  39.59386
 -75.23428,  39.59840
 -75.23442,  39.59863
 -75.23753,  39.60294
 -75.24011,  39.60582
 -75.24593,  39.60696
 -75.25176,  39.60675
 -75.25759,  39.60733
 -75.25942,  39.60770
 -75.26340,  39.60889
 -75.26918,  39.61150
 -75.26971,  39.61232
 -75.27469,  39.61688
 -75.27428,  39.62137
 -75.26896,  39.62251
 -75.26308,  39.62451
 -75.25912,  39.62568
 -75.25721,  39.62621
 -75.25179,  39.63009
 -75.25128,  39.63053
 -75.24872,  39.63005
 -75.24547,  39.62926
 -75.23965,  39.62994
 -75.23962,  39.62996
 -75.23373,  39.63208
 -75.22789,  39.63242
 -75.22205,  39.63227
 -75.21618,  39.63391
 -75.21530,  39.63414
 -75.21158,  39.63860
 -75.21023,  39.63934
 -75.20918,  39.64306
 -75.20625,  39.64753
 -75.20415,  39.65075
 -75.20279,  39.65198
 -75.19823,  39.65463
 -75.19236,  39.65575
 -75.18653,  39.65525
 -75.18073,  39.65342
 -75.17715,  39.65165
 -75.17495,  39.65033
 -75.16978,  39.64706
 -75.16919,  39.64676
 -75.16335,  39.64683
 -75.15752,  39.64610
 -75.15333,  39.64685
 -75.15164,  39.64783
 -75.14577,  39.64936
 -75.13991,  39.65027
 -75.13413,  39.64727
 -75.13338,  39.64660
 -75.13026,  39.64206
 -75.13255,  39.63759
 -75.13439,  39.63574
 -75.13517,  39.63313
 -75.13627,  39.62864
 -75.13636,  39.62415
 -75.13750,  39.61967
 -75.13808,  39.61518
 -75.14077,  39.61111
 -75.14111,  39.61072
 -75.14395,  39.60626
 -75.14674,  39.60528
 -75.15258,  39.60493
 -75.15839,  39.60606
 -75.15968,  39.60646
 -75.16418,  39.60815
 -75.16845,  39.61107
 -75.16994,  39.61190
 -75.17577,  39.61248
 -75.18156,  39.61441
 -75.18738,  39.61518
 -75.19323,  39.61446
 -75.19641,  39.61142
 -75.19699,  39.60694
 -75.19604,  39.60242
 -75.19613,  39.59793
 -75.19675,  39.59344
 -75.19658,  39.58895
 -75.19625,  39.58444
 -75.19579,  39.57994
 -75.19765,  39.57546
 -75.19995,  39.57245
 -75.20112,  39.57101
 -75.20588,  39.56803
 -75.21172,  39.56787
 -75.21543,  39.57119
END
 -13.00000, -74.75571,  39.56910
 -74.75093,  39.57352
 -74.75069,  39.57362
 -74.74485,  39.57359
 -74.73895,  39.57618
 -74.73804,  39.57781
 -74.73801,  39.58231
 -74.73872,  39.58424
 -74.74168,  39.58686
 -74.74438,  39.59057
 -74.74506,  39.59142
 -74.75011,  39.59461
 -74.75599,  39.59290
 -74.75964,  39.59165
 -74.76194,  39.58889
 -74.76231,  39.58720
 -74.76425,  39.58274
 -74.76513,  39.57825
 -74.76817,  39.57421
 -74.76851,  39.57381
 -74.76981,  39.56933
 -74.76838,  39.56652
 -74.76260,  39.56475
 -74.75667,  39.56815
 -74.75571,  39.56910
END
 -13.00000, -75.37099,  39.58650
 -75.37300,  39.59102
 -75.36877,  39.59245
 -75.36762,  39.59096
 -75.36794,  39.58647
 -75.36893,  39.58378
 -75.37099,  39.58650
END
 -13.00000, -75.69362,  39.60760
 -75.69345,  39.61210
 -75.68939,  39.61483
 -75.68501,  39.61203
 -75.68500,  39.60753
 -75.68955,  39.60394
 -75.69362,  39.60760
END
 -13.00000, -75.28262,  39.62147
 -75.28062,  39.62301
 -75.27562,  39.62139
 -75.28070,  39.61928
 -75.28262,  39.62147
END
 -13.00000, -74.58578,  39.61119
 -74.58408,  39.61566
 -74.58012,  39.61884
 -74.57992,  39.62008
 -74.58008,  39.62044
 -74.58534,  39.62468
 -74.58569,  39.62814
 -74.58599,  39.62918
 -74.59140,  39.63240
 -74.59529,  39.62935
 -74.59740,  39.62695
 -74.59960,  39.62493
 -74.60341,  39.62135
 -74.60385,  39.62050
 -74.60347,  39.61920
 -74.60133,  39.61596
 -74.59782,  39.61284
 -74.59637,  39.61138
 -74.59214,  39.60763
 -74.58620,  39.61068
 -74.58578,  39.61119
END
 -13.00000, -75.29343,  39.62609
 -75.29803,  39.62853
 -75.30125,  39.63068
 -75.30356,  39.63520
 -75.30373,  39.63541
 -75.30582,  39.63972
 -75.30943,  39.64272
 -75.31253,  39.64430
 -75.31519,  39.64695
 -75.31665,  39.64884
 -75.31771,  39.65335
 -75.31809,  39.65786
 -75.31819,  39.66235
 -75.31850,  39.66685
 -75.31840,  39.67134
 -75.32053,  39.67270
 -75.32216,  39.67139
 -75.32645,  39.66905
 -75.32938,  39.66698
 -75.33235,  39.66560
 -75.33518,  39.66254
 -75.33694,  39.65807
 -75.33839,  39.65535
 -75.33984,  39.65360
 -75.34432,  39.65038
 -75.34597,  39.64918
 -75.35021,  39.64772
 -75.35343,  39.64926
 -75.35599,  39.65111
 -75.36117,  39.65384
 -75.36177,  39.65416
 -75.36636,  39.65840
 -75.36749,  39.66114
 -75.37143,  39.66295
 -75.37324,  39.66570
 -75.37487,  39.66299
 -75.37760,  39.65852
 -75.37923,  39.65755
 -75.38346,  39.65859
 -75.38504,  39.65946
 -75.38885,  39.66314
 -75.39079,  39.66442
 -75.39248,  39.66768
 -75.39278,  39.67218
 -75.39061,  39.67413
 -75.38531,  39.67659
 -75.38472,  39.67687
 -75.37922,  39.68102
 -75.37880,  39.68118
 -75.37729,  39.68100
 -75.37299,  39.67894
 -75.37084,  39.68093
 -75.36709,  39.68236
 -75.36390,  39.68535
 -75.36113,  39.68849
 -75.36038,  39.68981
 -75.35653,  39.69426
 -75.35513,  39.69672
 -75.35336,  39.69872
 -75.34994,  39.70318
 -75.34915,  39.70378
 -75.34328,  39.70529
 -75.33743,  39.70580
 -75.33160,  39.70509
 -75.32653,  39.70292
 -75.32581,  39.70237
 -75.32137,  39.69836
 -75.32009,  39.69532
 -75.31959,  39.69384
 -75.32017,  39.69151
 -75.32059,  39.68936
 -75.32023,  39.68839
 -75.31815,  39.68484
 -75.31901,  39.68035
 -75.31596,  39.67582
 -75.31465,  39.67449
 -75.30881,  39.67457
 -75.30299,  39.67356
 -75.29939,  39.67113
 -75.29781,  39.66661
 -75.29729,  39.66606
 -75.29599,  39.66209
 -75.29562,  39.65760
 -75.29451,  39.65308
 -75.29374,  39.64858
 -75.29185,  39.64556
 -75.29104,  39.64405
 -75.28887,  39.63953
 -75.28828,  39.63503
 -75.28629,  39.63200
 -75.28553,  39.63049
 -75.28638,  39.62714
 -75.28913,  39.62604
 -75.29224,  39.62576
 -75.29343,  39.62609
END
 -13.00000, -75.01480,  39.63599
 -75.01172,  39.63754
 -75.00864,  39.64040
 -75.00724,  39.64488
 -75.00565,  39.64740
 -75.00401,  39.64933
 -75.00381,  39.65383
 -75.00547,  39.65461
 -75.01132,  39.65440
 -75.01336,  39.65396
 -75.01721,  39.65207
 -75.02310,  39.65020
 -75.02366,  39.64961
 -75.02512,  39.64513
 -75.02628,  39.64065
 -75.02513,  39.63614
 -75.02347,  39.63466
 -75.01762,  39.63471
 -75.01480,  39.63599
END
 -13.00000, -75.76424,  39.64864
 -75.76324,  39.65313
 -75.75891,  39.65536
 -75.75617,  39.65308
 -75.75555,  39.64857
 -75.75904,  39.64530
 -75.76424,  39.64864
END
 -13.00000, -74.83581,  39.64683
 -74.83627,  39.64762
 -74.83888,  39.65138
 -74.84036,  39.65590
 -74.84184,  39.65779
 -74.84286,  39.66043
 -74.84171,  39.66280
 -74.83997,  39.66488
 -74.84010,  39.66939
 -74.83699,  39.67384
 -74.83549,  39.67702
 -74.83479,  39.67830
 -74.83414,  39.68279
 -74.83438,  39.68729
 -74.83463,  39.69178
 -74.83497,  39.69629
 -74.83411,  39.70077
 -74.83043,  39.70521
 -74.82887,  39.70672
 -74.82304,  39.70559
 -74.82156,  39.70507
 -74.81725,  39.70393
 -74.81147,  39.70119
 -74.81043,  39.70040
 -74.80572,  39.69772
 -74.80405,  39.69580
 -74.80002,  39.69250
 -74.79898,  39.69122
 -74.79751,  39.68671
 -74.79607,  39.68219
 -74.79600,  39.67769
 -74.79784,  39.67322
 -74.80023,  39.66876
 -74.80067,  39.66827
 -74.80660,  39.66482
 -74.80752,  39.66438
 -74.81251,  39.66228
 -74.81509,  39.66000
 -74.81763,  39.65554
 -74.81852,  39.65106
 -74.81866,  39.65072
 -74.82249,  39.64662
 -74.82465,  39.64476
 -74.83054,  39.64341
 -74.83581,  39.64683
END
 -13.00000, -75.70309,  39.67963
 -75.70012,  39.68348
 -75.69662,  39.67958
 -75.70022,  39.67619
 -75.70309,  39.67963
END
 -13.00000, -74.66080,  39.69794
 -74.65965,  39.70242
 -74.65945,  39.70268
 -74.65914,  39.70241
 -74.65807,  39.69790
 -74.65969,  39.69438
 -74.66080,  39.69794
END
 -13.00000, -75.73040,  39.72931
 -75.72868,  39.73145
 -75.72780,  39.72929
 -75.72873,  39.72820
 -75.73040,  39.72931
END
END
